k, s0, s1, s2, s3, s4
0, 0, 0, 0, 0, 0
1, 0, 0, 0, 0, 0
2, 0, 0, 0, 0, 0
3, 0, 0, 0, 0, 0
4, 0, 0, 0, 0, 0
5, 0, 0, 0, 0, 0
6, 0, 0, 0, 0, 0
7, 0, 0, 0, 0, 0
8, -173495, -170760, -53867908, -53863792, -59696
9, -173495, -170760, -53867908, -53863792, -59696
10, -173495, -170760, -53867908, -53863792, -59696
11, -173495, -170760, -53867908, -53863792, -59696
12, -173495, -170760, -53867908, -53863792, -59696
13, -173495, -170760, -53867908, -53863792, -59696
14, -173495, -170760, -53867908, -53863792, -59696
15, -173495, -170760, -53867908, -53863792, -59696
16, -2261616, -2263331, 28113452, 28108044, 37447
17, -2261616, -2263331, 28113452, 28108044, 37447
18, -2261616, -2263331, 28113452, 28108044, 37447
19, -2261616, -2263331, 28113452, 28108044, 37447
20, -1533077, -1534793, 37351332, 37351140, 37447
21, -1533077, -1534793, 37351332, 37351140, 37447
22, -1533077, -1534793, 37351332, 37351140, 37447
23, -1533077, -1534793, 37351332, 37351140, 37447
24, -786055, -787771, 37351552, 37351764, 37447
25, -786055, -787771, 37351552, 37351764, 37447
26, -786055, -787771, 37351552, 37351764, 37447
27, -786055, -787771, 37351552, 37351764, 37447
28, -39023, -40738, 37351656, 37351644, 37447
29, -39023, -40738, 37351656, 37351644, 37447
30, -39023, -40738, 37351656, 37351644, 37447
31, -39023, -40738, 37351656, 37351644, 37447
32, 321351, 325730, -82701032, -82691936, -95596
33, 321351, 325730, -82701032, -82691936, -95596
34, 321351, 325730, -82701032, -82691936, -95596
35, 321351, 325730, -82701032, -82691936, -95596
36, -1232572, -1233360, 6430926, 6423417, 17200
37, -1232572, -1233360, 6430926, 6423417, 17200
38, -1232572, -1233360, 6430926, 6423417, 17200
39, -1232572, -1233360, 6430926, 6423417, 17200
40, -1232572, -1233360, 6430926, 6423417, 17200
41, -1232572, -1233360, 6430926, 6423417, 17200
42, -1232572, -1233360, 6430926, 6423417, 17200
43, -1232572, -1233360, 6430926, 6423417, 17200
44, -648141, -647662, -7790253, -7788465, -10445
45, -648141, -647662, -7790253, -7788465, -10445
46, -648141, -647662, -7790253, -7788465, -10445
47, -648141, -647662, -7790253, -7788465, -10445
48, -851875, -851387, -10607414, -10608041, -10654
49, -851875, -851387, -10607414, -10608041, -10654
50, -851875, -851387, -10607414, -10608041, -10654
51, -851875, -851387, -10607414, -10608041, -10654
52, -851875, -851387, -10607414, -10608041, -10654
53, -851875, -851387, -10607414, -10608041, -10654
54, -851875, -851387, -10607414, -10608041, -10654
55, -851875, -851387, -10607414, -10608041, -10654
56, -1226464, -1226772, 5051500, 5050966, 6721
57, -1226464, -1226772, 5051500, 5050966, 6721
58, -1226464, -1226772, 5051500, 5050966, 6721
59, -1226464, -1226772, 5051500, 5050966, 6721
60, -1095308, -1095622, 6824826, 6824476, 6854
61, -1095308, -1095622, 6824826, 6824476, 6854
62, -1095308, -1095622, 6824826, 6824476, 6854
63, -1095308, -1095622, 6824826, 6824476, 6854
64, -1095308, -1095622, 6824826, 6824476, 6854
65, -1095308, -1095622, 6824826, 6824476, 6854
66, -1095308, -1095622, 6824826, 6824476, 6854
67, -1095308, -1095622, 6824826, 6824476, 6854
68, -854335, -854137, -3249883, -3249060, -4323
69, -854335, -854137, -3249883, -3249060, -4323
70, -854335, -854137, -3249883, -3249060, -4323
71, -854335, -854137, -3249883, -3249060, -4323
72, -938721, -938518, -4388807, -4389543, -4408
73, -938721, -938518, -4388807, -4389543, -4408
74, -938721, -938518, -4388807, -4389543, -4408
75, -938721, -938518, -4388807, -4389543, -4408
76, -1011403, -1011441, 340276, 339475, 841
77, -1011403, -1011441, 340276, 339475, 841
78, -1011403, -1011441, 340276, 339475, 841
79, -1011403, -1011441, 340276, 339475, 841
80, -998415, -998409, -27054, -26995, -118
81, -998415, -998409, -27054, -26995, -118
82, -998415, -998409, -27054, -26995, -118
83, -998415, -998409, -27054, -26995, -118
84, -998415, -998409, -27054, -26995, -118
85, -998415, -998409, -27054, -26995, -118
86, -998415, -998409, -27054, -26995, -118
87, -998415, -998409, -27054, -26995, -118
88, -1002429, -1002432, 53487, 53214, 71
89, -1002429, -1002432, 53487, 53214, 71
90, -1002429, -1002432, 53487, 53214, 71
91, -1002429, -1002432, 53487, 53214, 71
92, -1001038, -1001042, 73547, 73707, 74
93, -1001038, -1001042, 73547, 73707, 74
94, -1001038, -1001042, 73547, 73707, 74
95, -1001038, -1001042, 73547, 73707, 74
96, -1001038, -1001042, 73547, 73707, 74
97, -1001038, -1001042, 73547, 73707, 74
98, -1001038, -1001042, 73547, 73707, 74
99, -1001038, -1001042, 73547, 73707, 74
100, -998449, -998447, -34960, -34761, -46
101, -998449, -998447, -34960, -34761, -46
102, -998449, -998447, -34960, -34761, -46
103, -998449, -998447, -34960, -34761, -46
104, -999357, -999355, -46464, -46303, -46
105, -999357, -999355, -46464, -46303, -46
106, -999357, -999355, -46464, -46303, -46
107, -999357, -999355, -46464, -46303, -46
108, -1000128, -1000129, 4118, 3490, 9
109, -1000128, -1000129, 4118, 3490, 9
110, -1000128, -1000129, 4118, 3490, 9
111, -1000128, -1000129, 4118, 3490, 9
112, -1000128, -1000129, 4118, 3490, 9
113, -1000128, -1000129, 4118, 3490, 9
114, -1000128, -1000129, 4118, 3490, 9
115, -1000128, -1000129, 4118, 3490, 9
116, -999827, -999827, -3947, -4063, -5
117, -999827, -999827, -3947, -4063, -5
118, -999827, -999827, -3947, -4063, -5
119, -999827, -999827, -3947, -4063, -5
120, -999925, -999925, -4824, -5120, -4
121, -999925, -999925, -4824, -5120, -4
122, -999925, -999925, -4824, -5120, -4
123, -999925, -999925, -4824, -5120, -4
124, -1000007, -1000007, 411, -232, 0
125, -1000007, -1000007, 411, -232, 0
126, -1000007, -1000007, 411, -232, 0
127, -1000007, -1000007, 411, -232, 0
128, -1000007, -1000007, 411, -232, 0
129, -1000007, -1000007, 411, -232, 0
130, -1000007, -1000007, 411, -232, 0
131, -1000007, -1000007, 411, -232, 0
132, -1000006, -1000006, -338, -253, 0
133, -1000006, -1000006, -338, -253, 0
134, -1000006, -1000006, -338, -253, 0
135, -1000006, -1000006, -338, -253, 0
136, -1000006, -1000006, 769, 597, 0
137, -1000006, -1000006, 769, 597, 0
138, -1000006, -1000006, 769, 597, 0
139, -1000006, -1000006, 769, 597, 0
140, -1000006, -1000006, 769, 597, 0
141, -1000006, -1000006, 769, 597, 0
142, -1000006, -1000006, 769, 597, 0
143, -1000006, -1000006, 769, 597, 0
144, -1000006, -1000006, -538, -406, 0
145, -1000006, -1000006, -538, -406, 0
146, -1000006, -1000006, -538, -406, 0
147, -1000006, -1000006, -538, -406, 0
148, -1000016, -1000016, 959, 742, 1
149, -1000016, -1000016, 959, 742, 1
150, -1000016, -1000016, 959, 742, 1
151, -1000016, -1000016, 959, 742, 1
152, -1000016, -1000016, 83, 86, 0
153, -1000016, -1000016, 83, 86, 0
154, -1000016, -1000016, 83, 86, 0
155, -1000016, -1000016, 83, 86, 0
156, -1000016, -1000016, 1010, 794, 1
157, -1000016, -1000016, 1010, 794, 1
158, -1000016, -1000016, 1010, 794, 1
159, -1000016, -1000016, 1010, 794, 1
160, -1000016, -1000016, 83, 85, 0
161, -1000016, -1000016, 83, 85, 0
162, -1000016, -1000016, 83, 85, 0
163, -1000016, -1000016, 83, 85, 0
164, -1000016, -1000016, 1010, 794, 1
165, -1000016, -1000016, 1010, 794, 1
166, -1000016, -1000016, 1010, 794, 1
167, -1000016, -1000016, 1010, 794, 1
168, -1000016, -1000016, 83, 85, 0
169, -1000016, -1000016, 83, 85, 0
170, -1000016, -1000016, 83, 85, 0
171, -1000016, -1000016, 83, 85, 0
172, -1000016, -1000016, 83, 85, 0
173, -1000016, -1000016, 83, 85, 0
174, -1000016, -1000016, 83, 85, 0
175, -1000016, -1000016, 83, 85, 0
176, -1000016, -1000016, 474, 372, 0
177, -1000016, -1000016, 474, 372, 0
178, -1000016, -1000016, 474, 372, 0
179, -1000016, -1000016, 474, 372, 0
180, -1000016, -1000016, 520, 418, 0
181, -1000016, -1000016, 520, 418, 0
182, -1000016, -1000016, 520, 418, 0
183, -1000016, -1000016, 520, 418, 0
184, -1000016, -1000016, 574, 461, 0
185, -1000016, -1000016, 574, 461, 0
186, -1000016, -1000016, 574, 461, 0
187, -1000016, -1000016, 574, 461, 0
188, -1000016, -1000016, 519, 419, 0
189, -1000016, -1000016, 519, 419, 0
190, -1000016, -1000016, 519, 419, 0
191, -1000016, -1000016, 519, 419, 0
192, -1000016, -1000016, 519, 419, 0
193, -1000016, -1000016, 519, 419, 0
194, -1000016, -1000016, 519, 419, 0
195, -1000016, -1000016, 519, 419, 0
196, -1000016, -1000016, 38, 39, 0
197, -1000016, -1000016, 38, 39, 0
198, -1000016, -1000016, 38, 39, 0
199, -1000016, -1000016, 38, 39, 0
200, -1000016, -1000016, -6, -5, 0
201, -1000016, -1000016, -6, -5, 0
202, -1000016, -1000016, -6, -5, 0
203, -1000016, -1000016, -6, -5, 0
204, -1000016, -1000016, -6, -5, 0
205, -1000016, -1000016, -6, -5, 0
206, -1000016, -1000016, -6, -5, 0
207, -1000016, -1000016, -6, -5, 0
208, -1000016, -1000016, -6, -5, 0
209, -1000016, -1000016, -6, -5, 0
210, -1000016, -1000016, -6, -5, 0
211, -1000016, -1000016, -6, -5, 0
212, -1000016, -1000016, 1017, 799, 1
213, -1000016, -1000016, 1017, 799, 1
214, -1000016, -1000016, 1017, 799, 1
215, -1000016, -1000016, 1017, 799, 1
216, -1000016, -1000016, 77, 81, 0
217, -1000016, -1000016, 77, 81, 0
218, -1000016, -1000016, 77, 81, 0
219, -1000016, -1000016, 77, 81, 0
220, -1000016, -1000016, 1015, 798, 1
221, -1000016, -1000016, 1015, 798, 1
222, -1000016, -1000016, 1015, 798, 1
223, -1000016, -1000016, 1015, 798, 1
224, -1000016, -1000016, 77, 81, 0
225, -1000016, -1000016, 77, 81, 0
226, -1000016, -1000016, 77, 81, 0
227, -1000016, -1000016, 77, 81, 0
228, -1000016, -1000016, 1015, 798, 1
229, -1000016, -1000016, 1015, 798, 1
230, -1000016, -1000016, 1015, 798, 1
231, -1000016, -1000016, 1015, 798, 1
232, -1000016, -1000016, 77, 81, 0
233, -1000016, -1000016, 77, 81, 0
234, -1000016, -1000016, 77, 81, 0
235, -1000016, -1000016, 77, 81, 0
236, -1000016, -1000016, 77, 81, 0
237, -1000016, -1000016, 77, 81, 0
238, -1000016, -1000016, 77, 81, 0
239, -1000016, -1000016, 77, 81, 0
240, -1000016, -1000016, 480, 377, 0
241, -1000016, -1000016, 480, 377, 0
242, -1000016, -1000016, 480, 377, 0
243, -1000016, -1000016, 480, 377, 0
244, -1000016, -1000016, 569, 457, 0
245, -1000016, -1000016, 569, 457, 0
246, -1000016, -1000016, 569, 457, 0
247, -1000016, -1000016, 569, 457, 0
248, -1000016, -1000016, 569, 457, 0
249, -1000016, -1000016, 569, 457, 0
250, -1000016, -1000016, 569, 457, 0
251, -1000016, -1000016, 569, 457, 0
252, -1000016, -1000016, -7, 4, 0
253, -1000016, -1000016, -7, 4, 0
254, -1000016, -1000016, -7, 4, 0
255, -1000016, -1000016, -7, 4, 0
256, -1000016, -1000016, 1060, 832, 1
257, -1000016, -1000016, 1060, 832, 1
258, -1000016, -1000016, 1060, 832, 1
259, -1000016, -1000016, 1060, 832, 1
260, -1000016, -1000016, 34, 48, 0
261, -1000016, -1000016, 34, 48, 0
262, -1000016, -1000016, 34, 48, 0
263, -1000016, -1000016, 34, 48, 0
264, -1000016, -1000016, 34, 48, 0
265, -1000016, -1000016, 34, 48, 0
266, -1000016, -1000016, 34, 48, 0
267, -1000016, -1000016, 34, 48, 0
268, -1000016, -1000016, 526, 412, 0
269, -1000016, -1000016, 526, 412, 0
270, -1000016, -1000016, 526, 412, 0
271, -1000016, -1000016, 526, 412, 0
272, -1000016, -1000016, 525, 424, 0
273, -1000016, -1000016, 525, 424, 0
274, -1000016, -1000016, 525, 424, 0
275, -1000016, -1000016, 525, 424, 0
276, -1000016, -1000016, 525, 424, 0
277, -1000016, -1000016, 525, 424, 0
278, -1000016, -1000016, 525, 424, 0
279, -1000016, -1000016, 525, 424, 0
280, -1000016, -1000016, 32, 35, 0
281, -1000016, -1000016, 32, 35, 0
282, -1000016, -1000016, 32, 35, 0
283, -1000016, -1000016, 32, 35, 0
284, -1000016, -1000016, 1022, 803, 1
285, -1000016, -1000016, 1022, 803, 1
286, -1000016, -1000016, 1022, 803, 1
287, -1000016, -1000016, 1022, 803, 1
288, -1000016, -1000016, 1022, 803, 1
289, -1000016, -1000016, 1022, 803, 1
290, -1000016, -1000016, 1022, 803, 1
291, -1000016, -1000016, 1022, 803, 1
292, -1000016, -1000016, -460, -341, 0
293, -1000016, -1000016, -460, -341, 0
294, -1000016, -1000016, -460, -341, 0
295, -1000016, -1000016, -460, -341, 0
296, -1000024, -1000024, 1513, 1178, 1
297, -1000024, -1000024, 1513, 1178, 1
298, -1000024, -1000024, 1513, 1178, 1
299, -1000024, -1000024, 1513, 1178, 1
300, -1000024, -1000024, 1513, 1178, 1
301, -1000024, -1000024, 1513, 1178, 1
302, -1000024, -1000024, 1513, 1178, 1
303, -1000024, -1000024, 1513, 1178, 1
304, -999995, -999995, -690, -595, 0
305, -999995, -999995, -690, -595, 0
306, -999995, -999995, -690, -595, 0
307, -999995, -999995, -690, -595, 0
308, -1000017, -1000017, -968, -779, 0
309, -1000017, -1000017, -968, -779, 0
310, -1000017, -1000017, -968, -779, 0
311, -1000017, -1000017, -968, -779, 0
312, -1000039, -1000039, -968, -779, 0
313, -1000039, -1000039, -968, -779, 0
314, -1000039, -1000039, -968, -779, 0
315, -1000039, -1000039, -968, -779, 0
316, -1000061, -1000061, -968, -779, 0
317, -1000061, -1000061, -968, -779, 0
318, -1000061, -1000061, -968, -779, 0
319, -1000061, -1000061, -968, -779, 0
320, -1000069, -1000070, 4255, 3860, 4
321, -1000069, -1000070, 4255, 3860, 4
322, -1000069, -1000070, 4255, 3860, 4
323, -1000069, -1000070, 4255, 3860, 4
324, -1173506, -1170771, -53868068, -53863600, -59697
325, -1173506, -1170771, -53868068, -53863600, -59697
326, -1173506, -1170771, -53868068, -53863600, -59697
327, -1173506, -1170771, -53868068, -53863600, -59697
328, -2147808, -2148308, 4183119, 4178220, 10926
329, -2147808, -2148308, 4183119, 4178220, 10926
330, -2147808, -2148308, 4183119, 4178220, 10926
331, -2147808, -2148308, 4183119, 4178220, 10926
332, -2147808, -2148308, 4183119, 4178220, 10926
333, -2147808, -2148308, 4183119, 4178220, 10926
334, -2147808, -2148308, 4183119, 4178220, 10926
335, -2147808, -2148308, 4183119, 4178220, 10926
336, -1776361, -1776057, -4951954, -4950611, -6639
337, -1776361, -1776057, -4951954, -4950611, -6639
338, -1776361, -1776057, -4951954, -4950611, -6639
339, -1776361, -1776057, -4951954, -4950611, -6639
340, -1905861, -1905551, -6741076, -6743370, -6772
341, -1905861, -1905551, -6741076, -6743370, -6772
342, -1905861, -1905551, -6741076, -6743370, -6772
343, -1905861, -1905551, -6741076, -6743370, -6772
344, -1905861, -1905551, -6741076, -6743370, -6772
345, -1905861, -1905551, -6741076, -6743370, -6772
346, -1905861, -1905551, -6741076, -6743370, -6772
347, -1905861, -1905551, -6741076, -6743370, -6772
348, -2143933, -2144129, 3211213, 3210353, 4272
349, -2143933, -2144129, 3211213, 3210353, 4272
350, -2143933, -2144129, 3211213, 3210353, 4272
351, -2143933, -2144129, 3211213, 3210353, 4272
352, -2060570, -2060769, 4337367, 4336955, 4356
353, -2060570, -2060769, 4337367, 4336955, 4356
354, -2060570, -2060769, 4337367, 4336955, 4356
355, -2060570, -2060769, 4337367, 4336955, 4356
356, -2060570, -2060769, 4337367, 4336955, 4356
357, -2060570, -2060769, 4337367, 4336955, 4356
358, -2060570, -2060769, 4337367, 4336955, 4356
359, -2060570, -2060769, 4337367, 4336955, 4356
360, -1907449, -1907323, -2065102, -2064886, -2747
361, -1907449, -1907323, -2065102, -2064886, -2747
362, -1907449, -1907323, -2065102, -2064886, -2747
363, -1907449, -1907323, -2065102, -2064886, -2747
364, -1960934, -1960808, -2741038, -2740455, -2747
365, -1960934, -1960808, -2741038, -2740455, -2747
366, -1960934, -1960808, -2741038, -2740455, -2747
367, -1960934, -1960808, -2741038, -2740455, -2747
368, -2006410, -2006431, 165113, 165776, 473
369, -2006410, -2006431, 165113, 165776, 473
370, -2006410, -2006431, 165113, 165776, 473
371, -2006410, -2006431, 165113, 165776, 473
372, -2006410, -2006431, 165113, 165776, 473
373, -2006410, -2006431, 165113, 165776, 473
374, -2006410, -2006431, 165113, 165776, 473
375, -2006410, -2006431, 165113, 165776, 473
376, -1990334, -1990321, -212821, -213776, -286
377, -1990334, -1990321, -212821, -213776, -286
378, -1990334, -1990321, -212821, -213776, -286
379, -1990334, -1990321, -212821, -213776, -286
380, -1995924, -1995910, -291379, -292555, -293
381, -1995924, -1995910, -291379, -292555, -293
382, -1995924, -1995910, -291379, -292555, -293
383, -1995924, -1995910, -291379, -292555, -293
384, -2000752, -2000755, 23024, 22482, 56
385, -2000752, -2000755, 23024, 22482, 56
386, -2000752, -2000755, 23024, 22482, 56
387, -2000752, -2000755, 23024, 22482, 56
388, -2000752, -2000755, 23024, 22482, 56
389, -2000752, -2000755, 23024, 22482, 56
390, -2000752, -2000755, 23024, 22482, 56
391, -2000752, -2000755, 23024, 22482, 56
392, -1998905, -1998904, -25958, -25349, -34
393, -1998905, -1998904, -25958, -25349, -34
394, -1998905, -1998904, -25958, -25349, -34
395, -1998905, -1998904, -25958, -25349, -34
396, -1999563, -1999561, -31014, -31949, -31
397, -1999563, -1999561, -31014, -31949, -31
398, -1999563, -1999561, -31014, -31949, -31
399, -1999563, -1999561, -31014, -31949, -31
400, -2000092, -2000093, 2424, 2254, 5
401, -2000092, -2000093, 2424, 2254, 5
402, -2000092, -2000093, 2424, 2254, 5
403, -2000092, -2000093, 2424, 2254, 5
404, -2000021, -2000021, 523, 531, 0
405, -2000021, -2000021, 523, 531, 0
406, -2000021, -2000021, 523, 531, 0
407, -2000021, -2000021, 523, 531, 0
408, -2000021, -2000021, 523, 531, 0
409, -2000021, -2000021, 523, 531, 0
410, -2000021, -2000021, 523, 531, 0
411, -2000021, -2000021, 523, 531, 0
412, -2000021, -2000021, 616, 484, 0
413, -2000021, -2000021, 616, 484, 0
414, -2000021, -2000021, 616, 484, 0
415, -2000021, -2000021, 616, 484, 0
416, -2000021, -2000021, 678, 546, 0
417, -2000021, -2000021, 678, 546, 0
418, -2000021, -2000021, 678, 546, 0
419, -2000021, -2000021, 678, 546, 0
420, -2000021, -2000021, 720, 579, 0
421, -2000021, -2000021, 720, 579, 0
422, -2000021, -2000021, 720, 579, 0
423, -2000021, -2000021, 720, 579, 0
424, -2000021, -2000021, 676, 545, 0
425, -2000021, -2000021, 676, 545, 0
426, -2000021, -2000021, 676, 545, 0
427, -2000021, -2000021, 676, 545, 0
428, -2000021, -2000021, 732, 588, 0
429, -2000021, -2000021, 732, 588, 0
430, -2000021, -2000021, 732, 588, 0
431, -2000021, -2000021, 732, 588, 0
432, -2000021, -2000021, 732, 588, 0
433, -2000021, -2000021, 732, 588, 0
434, -2000021, -2000021, 732, 588, 0
435, -2000021, -2000021, 732, 588, 0
436, -2000021, -2000021, -8, 6, 0
437, -2000021, -2000021, -8, 6, 0
438, -2000021, -2000021, -8, 6, 0
439, -2000021, -2000021, -8, 6, 0
440, -2000021, -2000021, 1330, 1086, 1
441, -2000021, -2000021, 1330, 1086, 1
442, -2000021, -2000021, 1330, 1086, 1
443, -2000021, -2000021, 1330, 1086, 1
444, -2000021, -2000021, 43, 61, 0
445, -2000021, -2000021, 43, 61, 0
446, -2000021, -2000021, 43, 61, 0
447, -2000021, -2000021, 43, 61, 0
448, -2000021, -2000021, 43, 61, 0
449, -2000021, -2000021, 43, 61, 0
450, -2000021, -2000021, 43, 61, 0
451, -2000021, -2000021, 43, 61, 0
452, -2000021, -2000021, 678, 531, 0
453, -2000021, -2000021, 678, 531, 0
454, -2000021, -2000021, 678, 531, 0
455, -2000021, -2000021, 678, 531, 0
456, -2000021, -2000021, 678, 547, 0
457, -2000021, -2000021, 678, 547, 0
458, -2000021, -2000021, 678, 547, 0
459, -2000021, -2000021, 678, 547, 0
460, -2000021, -2000021, 732, 588, 0
461, -2000021, -2000021, 732, 588, 0
462, -2000021, -2000021, 732, 588, 0
463, -2000021, -2000021, 732, 588, 0
464, -2000021, -2000021, 665, 536, 0
465, -2000021, -2000021, 665, 536, 0
466, -2000021, -2000021, 665, 536, 0
467, -2000021, -2000021, 665, 536, 0
468, -2000021, -2000021, 743, 596, 0
469, -2000021, -2000021, 743, 596, 0
470, -2000021, -2000021, 743, 596, 0
471, -2000021, -2000021, 743, 596, 0
472, -2000021, -2000021, 666, 538, 0
473, -2000021, -2000021, 666, 538, 0
474, -2000021, -2000021, 666, 538, 0
475, -2000021, -2000021, 666, 538, 0
476, -2000021, -2000021, 743, 596, 0
477, -2000021, -2000021, 743, 596, 0
478, -2000021, -2000021, 743, 596, 0
479, -2000021, -2000021, 743, 596, 0
480, -2000021, -2000021, 743, 596, 0
481, -2000021, -2000021, 743, 596, 0
482, -2000021, -2000021, 743, 596, 0
483, -2000021, -2000021, 743, 596, 0
484, -2000021, -2000021, 751, 604, 0
485, -2000021, -2000021, 751, 604, 0
486, -2000021, -2000021, 751, 604, 0
487, -2000021, -2000021, 751, 604, 0
488, -2000021, -2000021, 751, 604, 0
489, -2000021, -2000021, 751, 604, 0
490, -2000021, -2000021, 751, 604, 0
491, -2000021, -2000021, 751, 604, 0
492, -2000021, -2000021, -19, -1, 0
493, -2000021, -2000021, -19, -1, 0
494, -2000021, -2000021, -19, -1, 0
495, -2000021, -2000021, -19, -1, 0
496, -2000021, -2000021, 1350, 1086, 1
497, -2000021, -2000021, 1350, 1086, 1
498, -2000021, -2000021, 1350, 1086, 1
499, -2000021, -2000021, 1350, 1086, 1
500, -2000021, -2000021, 1350, 1086, 1
501, -2000021, -2000021, 1350, 1086, 1
502, -2000021, -2000021, 1350, 1086, 1
503, -2000021, -2000021, 1350, 1086, 1
504, -2000021, -2000021, -641, -476, 0
505, -2000021, -2000021, -641, -476, 0
506, -2000021, -2000021, -641, -476, 0
507, -2000021, -2000021, -641, -476, 0
508, -2000021, -2000021, 1986, 1546, 2
509, -2000021, -2000021, 1986, 1546, 2
510, -2000021, -2000021, 1986, 1546, 2
511, -2000021, -2000021, 1986, 1546, 2
512, -2000021, -2000021, 1986, 1546, 2
513, -2000021, -2000021, 1986, 1546, 2
514, -2000021, -2000021, 1986, 1546, 2
515, -2000021, -2000021, 1986, 1546, 2
516, -2000021, -2000021, 2253, 1813, 2
517, -2000021, -2000021, 2253, 1813, 2
518, -2000021, -2000021, 2253, 1813, 2
519, -2000021, -2000021, 2253, 1813, 2
520, -2000021, -2000021, 2253, 1813, 2
521, -2000021, -2000021, 2253, 1813, 2
522, -2000021, -2000021, 2253, 1813, 2
523, -2000021, -2000021, 2253, 1813, 2
524, -2000022, -2000022, -1691, -545, -1
525, -2000022, -2000022, -1691, -545, -1
526, -2000022, -2000022, -1691, -545, -1
527, -2000022, -2000022, -1691, -545, -1
528, -2000065, -2000065, -1607, -1293, -1
529, -2000065, -2000065, -1607, -1293, -1
530, -2000065, -2000065, -1607, -1293, -1
531, -2000065, -2000065, -1607, -1293, -1
532, -2000090, -2000090, 5244, 4159, 5
533, -2000090, -2000090, 5244, 4159, 5
534, -2000090, -2000090, 5244, 4159, 5
535, -2000090, -2000090, 5244, 4159, 5
536, -2000090, -2000090, 5244, 4159, 5
537, -2000090, -2000090, 5244, 4159, 5
538, -2000090, -2000090, 5244, 4159, 5
539, -2000090, -2000090, 5244, 4159, 5
540, -1999949, -1999949, -2433, -1805, -2
541, -1999949, -1999949, -2433, -1805, -2
542, -1999949, -1999949, -2433, -1805, -2
543, -1999949, -1999949, -2433, -1805, -2
544, -1999992, -1999992, -409, -381, 0
545, -1999992, -1999992, -409, -381, 0
546, -1999992, -1999992, -409, -381, 0
547, -1999992, -1999992, -409, -381, 0
548, -1999992, -1999992, -301, -239, 0
549, -1999992, -1999992, -301, -239, 0
550, -1999992, -1999992, -301, -239, 0
551, -1999992, -1999992, -301, -239, 0
552, -1999992, -1999992, -183, -150, 0
553, -1999992, -1999992, -183, -150, 0
554, -1999992, -1999992, -183, -150, 0
555, -1999992, -1999992, -183, -150, 0
556, -1999992, -1999992, -183, -150, 0
557, -1999992, -1999992, -183, -150, 0
558, -1999992, -1999992, -183, -150, 0
559, -1999992, -1999992, -183, -150, 0
560, -1999992, -1999992, -44, -38, 0
561, -1999992, -1999992, -44, -38, 0
562, -1999992, -1999992, -44, -38, 0
563, -1999992, -1999992, -44, -38, 0
564, -1999992, -1999992, -436, -343, 0
565, -1999992, -1999992, -436, -343, 0
566, -1999992, -1999992, -436, -343, 0
567, -1999992, -1999992, -436, -343, 0
568, -1999992, -1999992, -436, -343, 0
569, -1999992, -1999992, -436, -343, 0
570, -1999992, -1999992, -436, -343, 0
571, -1999992, -1999992, -436, -343, 0
572, -1999992, -1999992, 206, 153, 0
573, -1999992, -1999992, 206, 153, 0
574, -1999992, -1999992, 206, 153, 0
575, -1999992, -1999992, 206, 153, 0
576, -1999992, -1999992, -687, -535, 0
577, -1999992, -1999992, -687, -535, 0
578, -1999992, -1999992, -687, -535, 0
579, -1999992, -1999992, -687, -535, 0
580, -1999992, -1999992, -687, -535, 0
581, -1999992, -1999992, -687, -535, 0
582, -1999992, -1999992, -687, -535, 0
583, -1999992, -1999992, -687, -535, 0
584, -1999992, -1999992, 450, 340, 0
585, -1999992, -1999992, 450, 340, 0
586, -1999992, -1999992, 450, 340, 0
587, -1999992, -1999992, 450, 340, 0
588, -1999992, -1999992, -926, -718, 0
589, -1999992, -1999992, -926, -718, 0
590, -1999992, -1999992, -926, -718, 0
591, -1999992, -1999992, -926, -718, 0
592, -1999992, -1999992, -926, -718, 0
593, -1999992, -1999992, -926, -718, 0
594, -1999992, -1999992, -926, -718, 0
595, -1999992, -1999992, -926, -718, 0
596, -2000022, -2000022, 690, 523, 0
597, -2000022, -2000022, 690, 523, 0
598, -2000022, -2000022, 690, 523, 0
599, -2000022, -2000022, 690, 523, 0
600, -2000022, -2000022, 675, 547, 0
601, -2000022, -2000022, 675, 547, 0
602, -2000022, -2000022, 675, 547, 0
603, -2000022, -2000022, 675, 547, 0
604, -2000022, -2000022, 675, 547, 0
605, -2000022, -2000022, 675, 547, 0
606, -2000022, -2000022, 675, 547, 0
607, -2000022, -2000022, 675, 547, 0
608, -2000022, -2000022, 658, 530, 0
609, -2000022, -2000022, 658, 530, 0
610, -2000022, -2000022, 658, 530, 0
611, -2000022, -2000022, 658, 530, 0
612, -2000022, -2000022, 658, 530, 0
613, -2000022, -2000022, 658, 530, 0
614, -2000022, -2000022, 658, 530, 0
615, -2000022, -2000022, 658, 530, 0
616, -2000022, -2000022, 98, 89, 0
617, -2000022, -2000022, 98, 89, 0
618, -2000022, -2000022, 98, 89, 0
619, -2000022, -2000022, 98, 89, 0
620, -2000022, -2000022, 46, 37, 0
621, -2000022, -2000022, 46, 37, 0
622, -2000022, -2000022, 46, 37, 0
623, -2000022, -2000022, 46, 37, 0
624, -2000022, -2000022, 46, 37, 0
625, -2000022, -2000022, 46, 37, 0
626, -2000022, -2000022, 46, 37, 0
627, -2000022, -2000022, 46, 37, 0
628, -2000022, -2000022, 46, 37, 0
629, -2000022, -2000022, 46, 37, 0
630, -2000022, -2000022, 46, 37, 0
631, -2000022, -2000022, 46, 37, 0
632, -2000022, -2000022, 46, 37, 0
633, -2000022, -2000022, 46, 37, 0
634, -2000022, -2000022, 46, 37, 0
635, -2000022, -2000022, 46, 37, 0
636, -2000021, -2000021, 1437, 980, 1
637, -2000021, -2000021, 1437, 980, 1
638, -2000021, -2000021, 1437, 980, 1
639, -2000021, -2000021, 1437, 980, 1
640, -2000021, -2000021, 54, 70, 0
641, -2000021, -2000021, 54, 70, 0
642, -2000021, -2000021, 54, 70, 0
643, -2000021, -2000021, 54, 70, 0
644, -2000021, -2000021, 54, 70, 0
645, -2000021, -2000021, 54, 70, 0
646, -2000021, -2000021, 54, 70, 0
647, -2000021, -2000021, 54, 70, 0
648, -2079173, -2077925, -24575006, -24573776, -27234
649, -2079173, -2077925, -24575006, -24573776, -27234
650, -2079173, -2077925, -24575006, -24573776, -27234
651, -2079173, -2077925, -24575006, -24573776, -27234
652, -2618002, -2616743, -27383648, -27383176, -27476
653, -2618002, -2616743, -27383648, -27383176, -27476
654, -2618002, -2616743, -27383648, -27383176, -27476
655, -2618002, -2616743, -27383648, -27383176, -27476
656, -3071022, -3071262, 2118051, 2117043, 5243
657, -3071022, -3071262, 2118051, 2117043, 5243
658, -3071022, -3071262, 2118051, 2117043, 5243
659, -3071022, -3071262, 2118051, 2117043, 5243
660, -3071022, -3071262, 2118051, 2117043, 5243
661, -3071022, -3071262, 2118051, 2117043, 5243
662, -3071022, -3071262, 2118051, 2117043, 5243
663, -3071022, -3071262, 2118051, 2117043, 5243
664, -2892591, -2892444, -2378927, -2379599, -3189
665, -2892591, -2892444, -2378927, -2379599, -3189
666, -2892591, -2892444, -2378927, -2379599, -3189
667, -2892591, -2892444, -2378927, -2379599, -3189
668, -2954805, -2954656, -3237479, -3237240, -3251
669, -2954805, -2954656, -3237479, -3237240, -3251
670, -2954805, -2954656, -3237479, -3237240, -3251
671, -2954805, -2954656, -3237479, -3237240, -3251
672, -3008417, -3008446, 250862, 250832, 620
673, -3008417, -3008446, 250862, 250832, 620
674, -3008417, -3008446, 250862, 250832, 620
675, -3008417, -3008446, 250862, 250832, 620
676, -2998838, -2998834, -19284, -20117, -87
677, -2998838, -2998834, -19284, -20117, -87
678, -2998838, -2998834, -19284, -20117, -87
679, -2998838, -2998834, -19284, -20117, -87
680, -2998838, -2998834, -19284, -20117, -87
681, -2998838, -2998834, -19284, -20117, -87
682, -2998838, -2998834, -19284, -20117, -87
683, -2998838, -2998834, -19284, -20117, -87
684, -3001827, -3001830, 39624, 39088, 52
685, -3001827, -3001830, 39624, 39088, 52
686, -3001827, -3001830, 39624, 39088, 52
687, -3001827, -3001830, 39624, 39088, 52
688, -3000822, -3000824, 52832, 52528, 52
689, -3000822, -3000824, 52832, 52528, 52
690, -3000822, -3000824, 52832, 52528, 52
691, -3000822, -3000824, 52832, 52528, 52
692, -2999957, -2999957, 212, 1101, -4
693, -2999957, -2999957, 212, 1101, -4
694, -2999957, -2999957, 212, 1101, -4
695, -2999957, -2999957, 212, 1101, -4
696, -3000025, -3000025, 1355, 886, 1
697, -3000025, -3000025, 1355, 886, 1
698, -3000025, -3000025, 1355, 886, 1
699, -3000025, -3000025, 1355, 886, 1
700, -3000025, -3000025, -38, 5, 0
701, -3000025, -3000025, -38, 5, 0
702, -3000025, -3000025, -38, 5, 0
703, -3000025, -3000025, -38, 5, 0
704, -3000025, -3000025, -38, 5, 0
705, -3000025, -3000025, -38, 5, 0
706, -3000025, -3000025, -38, 5, 0
707, -3000025, -3000025, -38, 5, 0
708, -3000025, -3000025, 902, 705, 0
709, -3000025, -3000025, 902, 705, 0
710, -3000025, -3000025, 902, 705, 0
711, -3000025, -3000025, 902, 705, 0
712, -3000025, -3000025, 1008, 811, 0
713, -3000025, -3000025, 1008, 811, 0
714, -3000025, -3000025, 1008, 811, 0
715, -3000025, -3000025, 1008, 811, 0
716, -3000025, -3000025, 676, 550, 0
717, -3000025, -3000025, 676, 550, 0
718, -3000025, -3000025, 676, 550, 0
719, -3000025, -3000025, 676, 550, 0
720, -3000025, -3000025, 982, 784, 0
721, -3000025, -3000025, 982, 784, 0
722, -3000025, -3000025, 982, 784, 0
723, -3000025, -3000025, 982, 784, 0
724, -3000025, -3000025, 665, 541, 0
725, -3000025, -3000025, 665, 541, 0
726, -3000025, -3000025, 665, 541, 0
727, -3000025, -3000025, 665, 541, 0
728, -3000025, -3000025, 993, 793, 0
729, -3000025, -3000025, 993, 793, 0
730, -3000025, -3000025, 993, 793, 0
731, -3000025, -3000025, 993, 793, 0
732, -3000025, -3000025, 993, 793, 0
733, -3000025, -3000025, 993, 793, 0
734, -3000025, -3000025, 993, 793, 0
735, -3000025, -3000025, 993, 793, 0
736, -3000025, -3000025, -134, -86, 0
737, -3000025, -3000025, -134, -86, 0
738, -3000025, -3000025, -134, -86, 0
739, -3000025, -3000025, -134, -86, 0
740, -3000025, -3000025, 1725, 1352, 1
741, -3000025, -3000025, 1725, 1352, 1
742, -3000025, -3000025, 1725, 1352, 1
743, -3000025, -3000025, 1725, 1352, 1
744, -3000025, -3000025, -88, -34, 0
745, -3000025, -3000025, -88, -34, 0
746, -3000025, -3000025, -88, -34, 0
747, -3000025, -3000025, -88, -34, 0
748, -3000025, -3000025, 1734, 1358, 1
749, -3000025, -3000025, 1734, 1358, 1
750, -3000025, -3000025, 1734, 1358, 1
751, -3000025, -3000025, 1734, 1358, 1
752, -3000025, -3000025, -99, -42, 0
753, -3000025, -3000025, -99, -42, 0
754, -3000025, -3000025, -99, -42, 0
755, -3000025, -3000025, -99, -42, 0
756, -3000025, -3000025, 1745, 1367, 1
757, -3000025, -3000025, 1745, 1367, 1
758, -3000025, -3000025, 1745, 1367, 1
759, -3000025, -3000025, 1745, 1367, 1
760, -3000025, -3000025, -110, -51, 0
761, -3000025, -3000025, -110, -51, 0
762, -3000025, -3000025, -110, -51, 0
763, -3000025, -3000025, -110, -51, 0
764, -3000025, -3000025, -110, -51, 0
765, -3000025, -3000025, -110, -51, 0
766, -3000025, -3000025, -110, -51, 0
767, -3000025, -3000025, -110, -51, 0
768, -3000025, -3000025, 973, 759, 0
769, -3000025, -3000025, 973, 759, 0
770, -3000025, -3000025, 973, 759, 0
771, -3000025, -3000025, 973, 759, 0
772, -3000025, -3000025, 611, 501, 0
773, -3000025, -3000025, 611, 501, 0
774, -3000025, -3000025, 611, 501, 0
775, -3000025, -3000025, 611, 501, 0
776, -3000025, -3000025, 611, 501, 0
777, -3000025, -3000025, 611, 501, 0
778, -3000025, -3000025, 611, 501, 0
779, -3000025, -3000025, 611, 501, 0
780, -3000025, -3000025, 253, 209, 0
781, -3000025, -3000025, 253, 209, 0
782, -3000025, -3000025, 253, 209, 0
783, -3000025, -3000025, 253, 209, 0
784, -3000025, -3000025, 253, 209, 0
785, -3000025, -3000025, 253, 209, 0
786, -3000025, -3000025, 253, 209, 0
787, -3000025, -3000025, 253, 209, 0
788, -3000025, -3000025, 253, 209, 0
789, -3000025, -3000025, 253, 209, 0
790, -3000025, -3000025, 253, 209, 0
791, -3000025, -3000025, 253, 209, 0
792, -3000025, -3000025, 253, 209, 0
793, -3000025, -3000025, 253, 209, 0
794, -3000025, -3000025, 253, 209, 0
795, -3000025, -3000025, 253, 209, 0
796, -3000025, -3000025, 136, 111, 0
797, -3000025, -3000025, 136, 111, 0
798, -3000025, -3000025, 136, 111, 0
799, -3000025, -3000025, 136, 111, 0
800, -3000025, -3000025, 136, 111, 0
801, -3000025, -3000025, 136, 111, 0
802, -3000025, -3000025, 136, 111, 0
803, -3000025, -3000025, 136, 111, 0
804, -3000025, -3000025, 136, 111, 0
805, -3000025, -3000025, 136, 111, 0
806, -3000025, -3000025, 136, 111, 0
807, -3000025, -3000025, 136, 111, 0
808, -3000025, -3000025, 136, 111, 0
809, -3000025, -3000025, 136, 111, 0
810, -3000025, -3000025, 136, 111, 0
811, -3000025, -3000025, 136, 111, 0
812, -3000025, -3000025, 218, 174, 0
813, -3000025, -3000025, 218, 174, 0
814, -3000025, -3000025, 218, 174, 0
815, -3000025, -3000025, 218, 174, 0
816, -3000025, -3000025, 218, 174, 0
817, -3000025, -3000025, 218, 174, 0
818, -3000025, -3000025, 218, 174, 0
819, -3000025, -3000025, 218, 174, 0
820, -3000025, -3000025, 537, 426, 0
821, -3000025, -3000025, 537, 426, 0
822, -3000025, -3000025, 537, 426, 0
823, -3000025, -3000025, 537, 426, 0
824, -3000025, -3000025, 1048, 834, 0
825, -3000025, -3000025, 1048, 834, 0
826, -3000025, -3000025, 1048, 834, 0
827, -3000025, -3000025, 1048, 834, 0
828, -3000025, -3000025, 611, 501, 0
829, -3000025, -3000025, 611, 501, 0
830, -3000025, -3000025, 611, 501, 0
831, -3000025, -3000025, 611, 501, 0
832, -3000025, -3000025, 1036, 825, 0
833, -3000025, -3000025, 1036, 825, 0
834, -3000025, -3000025, 1036, 825, 0
835, -3000025, -3000025, 1036, 825, 0
836, -3000025, -3000025, 622, 509, 0
837, -3000025, -3000025, 622, 509, 0
838, -3000025, -3000025, 622, 509, 0
839, -3000025, -3000025, 622, 509, 0
840, -3000025, -3000025, 1025, 816, 0
841, -3000025, -3000025, 1025, 816, 0
842, -3000025, -3000025, 1025, 816, 0
843, -3000025, -3000025, 1025, 816, 0
844, -3000025, -3000025, 633, 517, 0
845, -3000025, -3000025, 633, 517, 0
846, -3000025, -3000025, 633, 517, 0
847, -3000025, -3000025, 633, 517, 0
848, -3000025, -3000025, 633, 517, 0
849, -3000025, -3000025, 633, 517, 0
850, -3000025, -3000025, 633, 517, 0
851, -3000025, -3000025, 633, 517, 0
852, -3000025, -3000025, 231, 193, 0
853, -3000025, -3000025, 231, 193, 0
854, -3000025, -3000025, 231, 193, 0
855, -3000025, -3000025, 231, 193, 0
856, -3000025, -3000025, 1404, 1017, 1
857, -3000025, -3000025, 1404, 1017, 1
858, -3000025, -3000025, 1404, 1017, 1
859, -3000025, -3000025, 1404, 1017, 1
860, -3000025, -3000025, 306, 267, 0
861, -3000025, -3000025, 306, 267, 0
862, -3000025, -3000025, 306, 267, 0
863, -3000025, -3000025, 306, 267, 0
864, -3000025, -3000025, 1392, 1007, 1
865, -3000025, -3000025, 1392, 1007, 1
866, -3000025, -3000025, 1392, 1007, 1
867, -3000025, -3000025, 1392, 1007, 1
868, -3000025, -3000025, 317, 276, 0
869, -3000025, -3000025, 317, 276, 0
870, -3000025, -3000025, 317, 276, 0
871, -3000025, -3000025, 317, 276, 0
872, -3000025, -3000025, 1393, 1008, 1
873, -3000025, -3000025, 1393, 1008, 1
874, -3000025, -3000025, 1393, 1008, 1
875, -3000025, -3000025, 1393, 1008, 1
876, -3000025, -3000025, 1393, 1008, 1
877, -3000025, -3000025, 1393, 1008, 1
878, -3000025, -3000025, 1393, 1008, 1
879, -3000025, -3000025, 1393, 1008, 1
880, -3000025, -3000025, -483, -353, 0
881, -3000025, -3000025, -483, -353, 0
882, -3000025, -3000025, -483, -353, 0
883, -3000025, -3000025, -483, -353, 0
884, -3000025, -3000025, 2074, 1618, 2
885, -3000025, -3000025, 2074, 1618, 2
886, -3000025, -3000025, 2074, 1618, 2
887, -3000025, -3000025, 2074, 1618, 2
888, -3000025, -3000025, -425, -291, 0
889, -3000025, -3000025, -425, -291, 0
890, -3000025, -3000025, -425, -291, 0
891, -3000025, -3000025, -425, -291, 0
892, -3000025, -3000025, -425, -291, 0
893, -3000025, -3000025, -425, -291, 0
894, -3000025, -3000025, -425, -291, 0
895, -3000025, -3000025, -425, -291, 0
896, -3000025, -3000025, 1467, 813, 1
897, -3000025, -3000025, 1467, 813, 1
898, -3000025, -3000025, 1467, 813, 1
899, -3000025, -3000025, 1467, 813, 1
900, -3000025, -3000025, 307, 268, 0
901, -3000025, -3000025, 307, 268, 0
902, -3000025, -3000025, 307, 268, 0
903, -3000025, -3000025, 307, 268, 0
904, -3000025, -3000025, 1392, 1007, 1
905, -3000025, -3000025, 1392, 1007, 1
906, -3000025, -3000025, 1392, 1007, 1
907, -3000025, -3000025, 1392, 1007, 1
908, -3000025, -3000025, 317, 276, 0
909, -3000025, -3000025, 317, 276, 0
910, -3000025, -3000025, 317, 276, 0
911, -3000025, -3000025, 317, 276, 0
912, -3000025, -3000025, 1393, 1008, 1
913, -3000025, -3000025, 1393, 1008, 1
914, -3000025, -3000025, 1393, 1008, 1
915, -3000025, -3000025, 1393, 1008, 1
916, -3000025, -3000025, 317, 276, 0
917, -3000025, -3000025, 317, 276, 0
918, -3000025, -3000025, 317, 276, 0
919, -3000025, -3000025, 317, 276, 0
920, -3000025, -3000025, 317, 276, 0
921, -3000025, -3000025, 317, 276, 0
922, -3000025, -3000025, 317, 276, 0
923, -3000025, -3000025, 317, 276, 0
924, -3000025, -3000025, 548, 434, 0
925, -3000025, -3000025, 548, 434, 0
926, -3000025, -3000025, 548, 434, 0
927, -3000025, -3000025, 548, 434, 0
928, -3000025, -3000025, 1037, 826, 0
929, -3000025, -3000025, 1037, 826, 0
930, -3000025, -3000025, 1037, 826, 0
931, -3000025, -3000025, 1037, 826, 0
932, -3000025, -3000025, 622, 509, 0
933, -3000025, -3000025, 622, 509, 0
934, -3000025, -3000025, 622, 509, 0
935, -3000025, -3000025, 622, 509, 0
936, -3000025, -3000025, 1025, 816, 0
937, -3000025, -3000025, 1025, 816, 0
938, -3000025, -3000025, 1025, 816, 0
939, -3000025, -3000025, 1025, 816, 0
940, -3000025, -3000025, 1025, 816, 0
941, -3000025, -3000025, 1025, 816, 0
942, -3000025, -3000025, 1025, 816, 0
943, -3000025, -3000025, 1025, 816, 0
944, -3000025, -3000025, -167, -111, 0
945, -3000025, -3000025, -167, -111, 0
946, -3000025, -3000025, -167, -111, 0
947, -3000025, -3000025, -167, -111, 0
948, -3000025, -3000025, 1758, 1377, 1
949, -3000025, -3000025, 1758, 1377, 1
950, -3000025, -3000025, 1758, 1377, 1
951, -3000025, -3000025, 1758, 1377, 1
952, -3000025, -3000025, -121, -59, 0
953, -3000025, -3000025, -121, -59, 0
954, -3000025, -3000025, -121, -59, 0
955, -3000025, -3000025, -121, -59, 0
956, -3000025, -3000025, -121, -59, 0
957, -3000025, -3000025, -121, -59, 0
958, -3000025, -3000025, -121, -59, 0
959, -3000025, -3000025, -121, -59, 0
960, -3000025, -3000025, 984, 768, 1
961, -3000025, -3000025, 984, 768, 1
962, -3000025, -3000025, 984, 768, 1
963, -3000025, -3000025, 984, 768, 1
964, -3000025, -3000025, 885, 1111, 1
965, -3000025, -3000025, 885, 1111, 1
966, -3000025, -3000025, 885, 1111, 1
967, -3000025, -3000025, 885, 1111, 1
968, -3173519, -3170785, -53867756, -53862856, -59696
969, -3173519, -3170785, -53867756, -53862856, -59696
970, -3173519, -3170785, -53867756, -53862856, -59696
971, -3173519, -3170785, -53867756, -53862856, -59696
972, -4147832, -4148334, 4180789, 4180553, 10926
973, -4147832, -4148334, 4180789, 4180553, 10926
974, -4147832, -4148334, 4180789, 4180553, 10926
975, -4147832, -4148334, 4180789, 4180553, 10926
976, -4147832, -4148334, 4180789, 4180553, 10926
977, -4147832, -4148334, 4180789, 4180553, 10926
978, -4147832, -4148334, 4180789, 4180553, 10926
979, -4147832, -4148334, 4180789, 4180553, 10926
980, -3776493, -3776191, -4952033, -4949136, -6638
981, -3776493, -3776191, -4952033, -4949136, -6638
982, -3776493, -3776191, -4952033, -4949136, -6638
983, -3776493, -3776191, -4952033, -4949136, -6638
984, -3905995, -3905685, -6736439, -6734947, -6765
985, -3905995, -3905685, -6736439, -6734947, -6765
986, -3905995, -3905685, -6736439, -6734947, -6765
987, -3905995, -3905685, -6736439, -6734947, -6765
988, -3905995, -3905685, -6736439, -6734947, -6765
989, -3905995, -3905685, -6736439, -6734947, -6765
990, -3905995, -3905685, -6736439, -6734947, -6765
991, -3905995, -3905685, -6736439, -6734947, -6765
992, -4143804, -4143999, 3209536, 3207035, 4268
993, -4143804, -4143999, 3209536, 3207035, 4268
994, -4143804, -4143999, 3209536, 3207035, 4268
995, -4143804, -4143999, 3209536, 3207035, 4268
996, -4060772, -4060968, 4258807, 4256872, 4268
997, -4060772, -4060968, 4258807, 4256872, 4268
998, -4060772, -4060968, 4258807, 4256872, 4268
999, -4060772, -4060968, 4258807, 4256872, 4268