k, s0, s1, s2, s3, s4
0, 0, 0, 0, 0, 0
1, 0, 0, 0, 0, 0
2, 0, 0, 0, 0, 0
3, 0, 0, 0, 0, 0
4, -173495, -170760, -53867908, -53863792, -59696
5, -173495, -170760, -53867908, -53863792, -59696
6, -173495, -170760, -53867908, -53863792, -59696
7, -173495, -170760, -53867908, -53863792, -59696
8, -1147787, -1148287, 4182143, 4177345, 10925
9, -1147787, -1148287, 4182143, 4177345, 10925
10, -1147787, -1148287, 4182143, 4177345, 10925
11, -1147787, -1148287, 4182143, 4177345, 10925
12, -1147787, -1148287, 4182143, 4177345, 10925
13, -1147787, -1148287, 4182143, 4177345, 10925
14, -1147787, -1148287, 4182143, 4177345, 10925
15, -1147787, -1148287, 4182143, 4177345, 10925
16, -776373, -776069, -4951458, -4950435, -6638
17, -776373, -776069, -4951458, -4950435, -6638
18, -776373, -776069, -4951458, -4950435, -6638
19, -776373, -776069, -4951458, -4950435, -6638
20, -905858, -905548, -6741907, -6742061, -6772
21, -905858, -905548, -6741907, -6742061, -6772
22, -905858, -905548, -6741907, -6742061, -6772
23, -905858, -905548, -6741907, -6742061, -6772
24, -1017497, -1017556, 522006, 521086, 1291
25, -1017497, -1017556, 522006, 521086, 1291
26, -1017497, -1017556, 522006, 521086, 1291
27, -1017497, -1017556, 522006, 521086, 1291
28, -997546, -997538, -42414, -41669, -182
29, -997546, -997538, -42414, -41669, -182
30, -997546, -997538, -42414, -41669, -182
31, -997546, -997538, -42414, -41669, -182
32, -1000322, -1000323, 4119, 3333, 23
33, -1000322, -1000323, 4119, 3333, 23
34, -1000322, -1000323, 4119, 3333, 23
35, -1000322, -1000323, 4119, 3333, 23
36, -999974, -999974, 118, 199, -2
37, -999974, -999974, 118, 199, -2
38, -999974, -999974, 118, 199, -2
39, -999974, -999974, 118, 199, -2
40, -1000006, -1000006, 399, 155, 0
41, -1000006, -1000006, 399, 155, 0
42, -1000006, -1000006, 399, 155, 0
43, -1000006, -1000006, 399, 155, 0
44, -1000006, -1000006, -74, -47, 0
45, -1000006, -1000006, -74, -47, 0
46, -1000006, -1000006, -74, -47, 0
47, -1000006, -1000006, -74, -47, 0
48, -1000006, -1000006, 517, 404, 0
49, -1000006, -1000006, 517, 404, 0
50, -1000006, -1000006, 517, 404, 0
51, -1000006, -1000006, 517, 404, 0
52, -1000006, -1000006, -70, -44, 0
53, -1000006, -1000006, -70, -44, 0
54, -1000006, -1000006, -70, -44, 0
55, -1000006, -1000006, -70, -44, 0
56, -1000006, -1000006, 512, 400, 0
57, -1000006, -1000006, 512, 400, 0
58, -1000006, -1000006, 512, 400, 0
59, -1000006, -1000006, 512, 400, 0
60, -1000006, -1000006, -71, -45, 0
61, -1000006, -1000006, -71, -45, 0
62, -1000006, -1000006, -71, -45, 0
63, -1000006, -1000006, -71, -45, 0
64, -1000006, -1000006, 512, 400, 0
65, -1000006, -1000006, 512, 400, 0
66, -1000006, -1000006, 512, 400, 0
67, -1000006, -1000006, 512, 400, 0
68, -1000006, -1000006, -71, -45, 0
69, -1000006, -1000006, -71, -45, 0
70, -1000006, -1000006, -71, -45, 0
71, -1000006, -1000006, -71, -45, 0
72, -1000006, -1000006, 512, 400, 0
73, -1000006, -1000006, 512, 400, 0
74, -1000006, -1000006, 512, 400, 0
75, -1000006, -1000006, 512, 400, 0
76, -1000006, -1000006, -71, -45, 0
77, -1000006, -1000006, -71, -45, 0
78, -1000006, -1000006, -71, -45, 0
79, -1000006, -1000006, -71, -45, 0
80, -1000006, -1000006, 512, 400, 0
81, -1000006, -1000006, 512, 400, 0
82, -1000006, -1000006, 512, 400, 0
83, -1000006, -1000006, 512, 400, 0
84, -1000006, -1000006, -71, -45, 0
85, -1000006, -1000006, -71, -45, 0
86, -1000006, -1000006, -71, -45, 0
87, -1000006, -1000006, -71, -45, 0
88, -1000006, -1000006, 512, 400, 0
89, -1000006, -1000006, 512, 400, 0
90, -1000006, -1000006, 512, 400, 0
91, -1000006, -1000006, 512, 400, 0
92, -1000006, -1000006, -71, -45, 0
93, -1000006, -1000006, -71, -45, 0
94, -1000006, -1000006, -71, -45, 0
95, -1000006, -1000006, -71, -45, 0
96, -1000006, -1000006, 512, 400, 0
97, -1000006, -1000006, 512, 400, 0
98, -1000006, -1000006, 512, 400, 0
99, -1000006, -1000006, 512, 400, 0
100, -1000006, -1000006, -71, -45, 0
101, -1000006, -1000006, -71, -45, 0
102, -1000006, -1000006, -71, -45, 0
103, -1000006, -1000006, -71, -45, 0
104, -1000006, -1000006, 512, 400, 0
105, -1000006, -1000006, 512, 400, 0
106, -1000006, -1000006, 512, 400, 0
107, -1000006, -1000006, 512, 400, 0
108, -1000006, -1000006, -71, -45, 0
109, -1000006, -1000006, -71, -45, 0
110, -1000006, -1000006, -71, -45, 0
111, -1000006, -1000006, -71, -45, 0
112, -1000006, -1000006, 512, 400, 0
113, -1000006, -1000006, 512, 400, 0
114, -1000006, -1000006, 512, 400, 0
115, -1000006, -1000006, 512, 400, 0
116, -1000006, -1000006, -71, -45, 0
117, -1000006, -1000006, -71, -45, 0
118, -1000006, -1000006, -71, -45, 0
119, -1000006, -1000006, -71, -45, 0
120, -1000006, -1000006, 512, 400, 0
121, -1000006, -1000006, 512, 400, 0
122, -1000006, -1000006, 512, 400, 0
123, -1000006, -1000006, 512, 400, 0
124, -1000006, -1000006, -71, -45, 0
125, -1000006, -1000006, -71, -45, 0
126, -1000006, -1000006, -71, -45, 0
127, -1000006, -1000006, -71, -45, 0
128, -1000006, -1000006, 512, 400, 0
129, -1000006, -1000006, 512, 400, 0
130, -1000006, -1000006, 512, 400, 0
131, -1000006, -1000006, 512, 400, 0
132, -1000006, -1000006, -71, -45, 0
133, -1000006, -1000006, -71, -45, 0
134, -1000006, -1000006, -71, -45, 0
135, -1000006, -1000006, -71, -45, 0
136, -1000006, -1000006, 512, 400, 0
137, -1000006, -1000006, 512, 400, 0
138, -1000006, -1000006, 512, 400, 0
139, -1000006, -1000006, 512, 400, 0
140, -1000006, -1000006, -71, -45, 0
141, -1000006, -1000006, -71, -45, 0
142, -1000006, -1000006, -71, -45, 0
143, -1000006, -1000006, -71, -45, 0
144, -1000006, -1000006, 512, 400, 0
145, -1000006, -1000006, 512, 400, 0
146, -1000006, -1000006, 512, 400, 0
147, -1000006, -1000006, 512, 400, 0
148, -1000006, -1000006, -71, -45, 0
149, -1000006, -1000006, -71, -45, 0
150, -1000006, -1000006, -71, -45, 0
151, -1000006, -1000006, -71, -45, 0
152, -1000006, -1000006, 512, 400, 0
153, -1000006, -1000006, 512, 400, 0
154, -1000006, -1000006, 512, 400, 0
155, -1000006, -1000006, 512, 400, 0
156, -1000006, -1000006, -71, -45, 0
157, -1000006, -1000006, -71, -45, 0
158, -1000006, -1000006, -71, -45, 0
159, -1000006, -1000006, -71, -45, 0
160, -1000006, -1000006, 512, 400, 0
161, -1000006, -1000006, 512, 400, 0
162, -1000006, -1000006, 512, 400, 0
163, -1000006, -1000006, 512, 400, 0
164, -1000006, -1000006, -71, -45, 0
165, -1000006, -1000006, -71, -45, 0
166, -1000006, -1000006, -71, -45, 0
167, -1000006, -1000006, -71, -45, 0
168, -1000006, -1000006, 512, 400, 0
169, -1000006, -1000006, 512, 400, 0
170, -1000006, -1000006, 512, 400, 0
171, -1000006, -1000006, 512, 400, 0
172, -1000006, -1000006, -71, -45, 0
173, -1000006, -1000006, -71, -45, 0
174, -1000006, -1000006, -71, -45, 0
175, -1000006, -1000006, -71, -45, 0
176, -1000006, -1000006, 512, 400, 0
177, -1000006, -1000006, 512, 400, 0
178, -1000006, -1000006, 512, 400, 0
179, -1000006, -1000006, 512, 400, 0
180, -1000006, -1000006, -71, -45, 0
181, -1000006, -1000006, -71, -45, 0
182, -1000006, -1000006, -71, -45, 0
183, -1000006, -1000006, -71, -45, 0
184, -1000006, -1000006, 512, 400, 0
185, -1000006, -1000006, 512, 400, 0
186, -1000006, -1000006, 512, 400, 0
187, -1000006, -1000006, 512, 400, 0
188, -1000006, -1000006, -71, -45, 0
189, -1000006, -1000006, -71, -45, 0
190, -1000006, -1000006, -71, -45, 0
191, -1000006, -1000006, -71, -45, 0
192, -1000006, -1000006, 512, 400, 0
193, -1000006, -1000006, 512, 400, 0
194, -1000006, -1000006, 512, 400, 0
195, -1000006, -1000006, 512, 400, 0
196, -1000006, -1000006, -71, -45, 0
197, -1000006, -1000006, -71, -45, 0
198, -1000006, -1000006, -71, -45, 0
199, -1000006, -1000006, -71, -45, 0
200, -1000006, -1000006, 512, 400, 0
201, -1000006, -1000006, 512, 400, 0
202, -1000006, -1000006, 512, 400, 0
203, -1000006, -1000006, 512, 400, 0
204, -1000006, -1000006, -71, -45, 0
205, -1000006, -1000006, -71, -45, 0
206, -1000006, -1000006, -71, -45, 0
207, -1000006, -1000006, -71, -45, 0
208, -1000006, -1000006, 512, 400, 0
209, -1000006, -1000006, 512, 400, 0
210, -1000006, -1000006, 512, 400, 0
211, -1000006, -1000006, 512, 400, 0
212, -1000006, -1000006, -71, -45, 0
213, -1000006, -1000006, -71, -45, 0
214, -1000006, -1000006, -71, -45, 0
215, -1000006, -1000006, -71, -45, 0
216, -1000006, -1000006, 512, 400, 0
217, -1000006, -1000006, 512, 400, 0
218, -1000006, -1000006, 512, 400, 0
219, -1000006, -1000006, 512, 400, 0
220, -1000006, -1000006, -71, -45, 0
221, -1000006, -1000006, -71, -45, 0
222, -1000006, -1000006, -71, -45, 0
223, -1000006, -1000006, -71, -45, 0
224, -1000006, -1000006, 512, 400, 0
225, -1000006, -1000006, 512, 400, 0
226, -1000006, -1000006, 512, 400, 0
227, -1000006, -1000006, 512, 400, 0
228, -1000006, -1000006, -71, -45, 0
229, -1000006, -1000006, -71, -45, 0
230, -1000006, -1000006, -71, -45, 0
231, -1000006, -1000006, -71, -45, 0
232, -1000006, -1000006, 512, 400, 0
233, -1000006, -1000006, 512, 400, 0
234, -1000006, -1000006, 512, 400, 0
235, -1000006, -1000006, 512, 400, 0
236, -1000006, -1000006, -71, -45, 0
237, -1000006, -1000006, -71, -45, 0
238, -1000006, -1000006, -71, -45, 0
239, -1000006, -1000006, -71, -45, 0
240, -1000006, -1000006, 512, 400, 0
241, -1000006, -1000006, 512, 400, 0
242, -1000006, -1000006, 512, 400, 0
243, -1000006, -1000006, 512, 400, 0
244, -1000006, -1000006, -71, -45, 0
245, -1000006, -1000006, -71, -45, 0
246, -1000006, -1000006, -71, -45, 0
247, -1000006, -1000006, -71, -45, 0
248, -1000006, -1000006, 512, 400, 0
249, -1000006, -1000006, 512, 400, 0
250, -1000006, -1000006, 512, 400, 0
251, -1000006, -1000006, 512, 400, 0
252, -1000006, -1000006, -71, -45, 0
253, -1000006, -1000006, -71, -45, 0
254, -1000006, -1000006, -71, -45, 0
255, -1000006, -1000006, -71, -45, 0
256, -1000006, -1000006, 512, 400, 0
257, -1000006, -1000006, 512, 400, 0
258, -1000006, -1000006, 512, 400, 0
259, -1000006, -1000006, 512, 400, 0
260, -1000006, -1000006, -71, -45, 0
261, -1000006, -1000006, -71, -45, 0
262, -1000006, -1000006, -71, -45, 0
263, -1000006, -1000006, -71, -45, 0
264, -1000006, -1000006, 512, 400, 0
265, -1000006, -1000006, 512, 400, 0
266, -1000006, -1000006, 512, 400, 0
267, -1000006, -1000006, 512, 400, 0
268, -1000006, -1000006, -71, -45, 0
269, -1000006, -1000006, -71, -45, 0
270, -1000006, -1000006, -71, -45, 0
271, -1000006, -1000006, -71, -45, 0
272, -1000006, -1000006, 512, 400, 0
273, -1000006, -1000006, 512, 400, 0
274, -1000006, -1000006, 512, 400, 0
275, -1000006, -1000006, 512, 400, 0
276, -1000006, -1000006, -71, -45, 0
277, -1000006, -1000006, -71, -45, 0
278, -1000006, -1000006, -71, -45, 0
279, -1000006, -1000006, -71, -45, 0
280, -1000006, -1000006, 512, 400, 0
281, -1000006, -1000006, 512, 400, 0
282, -1000006, -1000006, 512, 400, 0
283, -1000006, -1000006, 512, 400, 0
284, -1000006, -1000006, -71, -45, 0
285, -1000006, -1000006, -71, -45, 0
286, -1000006, -1000006, -71, -45, 0
287, -1000006, -1000006, -71, -45, 0
288, -1000006, -1000006, 512, 400, 0
289, -1000006, -1000006, 512, 400, 0
290, -1000006, -1000006, 512, 400, 0
291, -1000006, -1000006, 512, 400, 0
292, -1000006, -1000006, -71, -45, 0
293, -1000006, -1000006, -71, -45, 0
294, -1000006, -1000006, -71, -45, 0
295, -1000006, -1000006, -71, -45, 0
296, -1000006, -1000006, 512, 400, 0
297, -1000006, -1000006, 512, 400, 0
298, -1000006, -1000006, 512, 400, 0
299, -1000006, -1000006, 512, 400, 0
300, -1000006, -1000006, -71, -45, 0
301, -1000006, -1000006, -71, -45, 0
302, -1000006, -1000006, -71, -45, 0
303, -1000006, -1000006, -71, -45, 0
304, -1000006, -1000006, 512, 400, 0
305, -1000006, -1000006, 512, 400, 0
306, -1000006, -1000006, 512, 400, 0
307, -1000006, -1000006, 512, 400, 0
308, -1000006, -1000006, -71, -45, 0
309, -1000006, -1000006, -71, -45, 0
310, -1000006, -1000006, -71, -45, 0
311, -1000006, -1000006, -71, -45, 0
312, -1000006, -1000006, 512, 400, 0
313, -1000006, -1000006, 512, 400, 0
314, -1000006, -1000006, 512, 400, 0
315, -1000006, -1000006, 512, 400, 0
316, -1000006, -1000006, -71, -45, 0
317, -1000006, -1000006, -71, -45, 0
318, -1000006, -1000006, -71, -45, 0
319, -1000006, -1000006, -71, -45, 0
320, -1000006, -1000006, 512, 400, 0
321, -1000006, -1000006, 512, 400, 0
322, -1000006, -1000006, 512, 400, 0
323, -1000006, -1000006, 512, 400, 0
324, -1173504, -1170769, -53867712, -53864112, -59696
325, -1173504, -1170769, -53867712, -53864112, -59696
326, -1173504, -1170769, -53867712, -53864112, -59696
327, -1173504, -1170769, -53867712, -53864112, -59696
328, -2147800, -2148300, 4183230, 4177389, 10925
329, -2147800, -2148300, 4183230, 4177389, 10925
330, -2147800, -2148300, 4183230, 4177389, 10925
331, -2147800, -2148300, 4183230, 4177389, 10925
332, -1979479, -1979410, -340860, -340008, -1528
333, -1979479, -1979410, -340860, -340008, -1528
334, -1979479, -1979410, -340860, -340008, -1528
335, -1979479, -1979410, -340860, -340008, -1528
336, -2002608, -2002617, 29717, 30218, 194
337, -2002608, -2002617, 29717, 30218, 194
338, -2002608, -2002617, 29717, 30218, 194
339, -2002608, -2002617, 29717, 30218, 194
340, -1999704, -1999702, -1609, -3062, -23
341, -1999704, -1999702, -1609, -3062, -23
342, -1999704, -1999702, -1609, -3062, -23
343, -1999704, -1999702, -1609, -3062, -23
344, -2000063, -2000063, 1261, 526, 3
345, -2000063, -2000063, 1261, 526, 3
346, -2000063, -2000063, 1261, 526, 3
347, -2000063, -2000063, 1261, 526, 3
348, -2000033, -2000033, 927, 798, 0
349, -2000033, -2000033, 927, 798, 0
350, -2000033, -2000033, 927, 798, 0
351, -2000033, -2000033, 927, 798, 0
352, -2000033, -2000033, 1429, 1136, 1
353, -2000033, -2000033, 1429, 1136, 1
354, -2000033, -2000033, 1429, 1136, 1
355, -2000033, -2000033, 1429, 1136, 1
356, -2000033, -2000033, 755, 621, 0
357, -2000033, -2000033, 755, 621, 0
358, -2000033, -2000033, 755, 621, 0
359, -2000033, -2000033, 755, 621, 0
360, -2000033, -2000033, 1431, 1138, 1
361, -2000033, -2000033, 1431, 1138, 1
362, -2000033, -2000033, 1431, 1138, 1
363, -2000033, -2000033, 1431, 1138, 1
364, -2000033, -2000033, 755, 621, 0
365, -2000033, -2000033, 755, 621, 0
366, -2000033, -2000033, 755, 621, 0
367, -2000033, -2000033, 755, 621, 0
368, -2000033, -2000033, 1431, 1138, 1
369, -2000033, -2000033, 1431, 1138, 1
370, -2000033, -2000033, 1431, 1138, 1
371, -2000033, -2000033, 1431, 1138, 1
372, -2000033, -2000033, 755, 621, 0
373, -2000033, -2000033, 755, 621, 0
374, -2000033, -2000033, 755, 621, 0
375, -2000033, -2000033, 755, 621, 0
376, -2000033, -2000033, 1431, 1138, 1
377, -2000033, -2000033, 1431, 1138, 1
378, -2000033, -2000033, 1431, 1138, 1
379, -2000033, -2000033, 1431, 1138, 1
380, -2000033, -2000033, 755, 621, 0
381, -2000033, -2000033, 755, 621, 0
382, -2000033, -2000033, 755, 621, 0
383, -2000033, -2000033, 755, 621, 0
384, -2000033, -2000033, 1431, 1138, 1
385, -2000033, -2000033, 1431, 1138, 1
386, -2000033, -2000033, 1431, 1138, 1
387, -2000033, -2000033, 1431, 1138, 1
388, -2000033, -2000033, 755, 621, 0
389, -2000033, -2000033, 755, 621, 0
390, -2000033, -2000033, 755, 621, 0
391, -2000033, -2000033, 755, 621, 0
392, -2000033, -2000033, 1431, 1138, 1
393, -2000033, -2000033, 1431, 1138, 1
394, -2000033, -2000033, 1431, 1138, 1
395, -2000033, -2000033, 1431, 1138, 1
396, -2000033, -2000033, 755, 621, 0
397, -2000033, -2000033, 755, 621, 0
398, -2000033, -2000033, 755, 621, 0
399, -2000033, -2000033, 755, 621, 0
400, -2000033, -2000033, 1431, 1138, 1
401, -2000033, -2000033, 1431, 1138, 1
402, -2000033, -2000033, 1431, 1138, 1
403, -2000033, -2000033, 1431, 1138, 1
404, -2000033, -2000033, 755, 621, 0
405, -2000033, -2000033, 755, 621, 0
406, -2000033, -2000033, 755, 621, 0
407, -2000033, -2000033, 755, 621, 0
408, -2000033, -2000033, 1431, 1138, 1
409, -2000033, -2000033, 1431, 1138, 1
410, -2000033, -2000033, 1431, 1138, 1
411, -2000033, -2000033, 1431, 1138, 1
412, -2000033, -2000033, 755, 621, 0
413, -2000033, -2000033, 755, 621, 0
414, -2000033, -2000033, 755, 621, 0
415, -2000033, -2000033, 755, 621, 0
416, -2000033, -2000033, 1431, 1138, 1
417, -2000033, -2000033, 1431, 1138, 1
418, -2000033, -2000033, 1431, 1138, 1
419, -2000033, -2000033, 1431, 1138, 1
420, -2000033, -2000033, 755, 621, 0
421, -2000033, -2000033, 755, 621, 0
422, -2000033, -2000033, 755, 621, 0
423, -2000033, -2000033, 755, 621, 0
424, -2000033, -2000033, 1431, 1138, 1
425, -2000033, -2000033, 1431, 1138, 1
426, -2000033, -2000033, 1431, 1138, 1
427, -2000033, -2000033, 1431, 1138, 1
428, -2000033, -2000033, 755, 621, 0
429, -2000033, -2000033, 755, 621, 0
430, -2000033, -2000033, 755, 621, 0
431, -2000033, -2000033, 755, 621, 0
432, -2000033, -2000033, 1431, 1138, 1
433, -2000033, -2000033, 1431, 1138, 1
434, -2000033, -2000033, 1431, 1138, 1
435, -2000033, -2000033, 1431, 1138, 1
436, -2000033, -2000033, 755, 621, 0
437, -2000033, -2000033, 755, 621, 0
438, -2000033, -2000033, 755, 621, 0
439, -2000033, -2000033, 755, 621, 0
440, -2000033, -2000033, 1431, 1138, 1
441, -2000033, -2000033, 1431, 1138, 1
442, -2000033, -2000033, 1431, 1138, 1
443, -2000033, -2000033, 1431, 1138, 1
444, -2000033, -2000033, 755, 621, 0
445, -2000033, -2000033, 755, 621, 0
446, -2000033, -2000033, 755, 621, 0
447, -2000033, -2000033, 755, 621, 0
448, -2000033, -2000033, 1431, 1138, 1
449, -2000033, -2000033, 1431, 1138, 1
450, -2000033, -2000033, 1431, 1138, 1
451, -2000033, -2000033, 1431, 1138, 1
452, -2000033, -2000033, 755, 621, 0
453, -2000033, -2000033, 755, 621, 0
454, -2000033, -2000033, 755, 621, 0
455, -2000033, -2000033, 755, 621, 0
456, -2000033, -2000033, 1431, 1138, 1
457, -2000033, -2000033, 1431, 1138, 1
458, -2000033, -2000033, 1431, 1138, 1
459, -2000033, -2000033, 1431, 1138, 1
460, -2000033, -2000033, 755, 621, 0
461, -2000033, -2000033, 755, 621, 0
462, -2000033, -2000033, 755, 621, 0
463, -2000033, -2000033, 755, 621, 0
464, -2000033, -2000033, 1431, 1138, 1
465, -2000033, -2000033, 1431, 1138, 1
466, -2000033, -2000033, 1431, 1138, 1
467, -2000033, -2000033, 1431, 1138, 1
468, -2000033, -2000033, 755, 621, 0
469, -2000033, -2000033, 755, 621, 0
470, -2000033, -2000033, 755, 621, 0
471, -2000033, -2000033, 755, 621, 0
472, -2000033, -2000033, 1431, 1138, 1
473, -2000033, -2000033, 1431, 1138, 1
474, -2000033, -2000033, 1431, 1138, 1
475, -2000033, -2000033, 1431, 1138, 1
476, -2000033, -2000033, 752, 618, 0
477, -2000033, -2000033, 752, 618, 0
478, -2000033, -2000033, 752, 618, 0
479, -2000033, -2000033, 752, 618, 0
480, -2000033, -2000033, 1431, 1138, 1
481, -2000033, -2000033, 1431, 1138, 1
482, -2000033, -2000033, 1431, 1138, 1
483, -2000033, -2000033, 1431, 1138, 1
484, -2000033, -2000033, 755, 621, 0
485, -2000033, -2000033, 755, 621, 0
486, -2000033, -2000033, 755, 621, 0
487, -2000033, -2000033, 755, 621, 0
488, -2000033, -2000033, 1431, 1138, 1
489, -2000033, -2000033, 1431, 1138, 1
490, -2000033, -2000033, 1431, 1138, 1
491, -2000033, -2000033, 1431, 1138, 1
492, -2000033, -2000033, 755, 621, 0
493, -2000033, -2000033, 755, 621, 0
494, -2000033, -2000033, 755, 621, 0
495, -2000033, -2000033, 755, 621, 0
496, -2000033, -2000033, 1431, 1138, 1
497, -2000033, -2000033, 1431, 1138, 1
498, -2000033, -2000033, 1431, 1138, 1
499, -2000033, -2000033, 1431, 1138, 1
500, -2000033, -2000033, 755, 621, 0
501, -2000033, -2000033, 755, 621, 0
502, -2000033, -2000033, 755, 621, 0
503, -2000033, -2000033, 755, 621, 0
504, -2000033, -2000033, 1431, 1138, 1
505, -2000033, -2000033, 1431, 1138, 1
506, -2000033, -2000033, 1431, 1138, 1
507, -2000033, -2000033, 1431, 1138, 1
508, -2000033, -2000033, 755, 621, 0
509, -2000033, -2000033, 755, 621, 0
510, -2000033, -2000033, 755, 621, 0
511, -2000033, -2000033, 755, 621, 0
512, -2000033, -2000033, 1431, 1138, 1
513, -2000033, -2000033, 1431, 1138, 1
514, -2000033, -2000033, 1431, 1138, 1
515, -2000033, -2000033, 1431, 1138, 1
516, -2000033, -2000033, 755, 621, 0
517, -2000033, -2000033, 755, 621, 0
518, -2000033, -2000033, 755, 621, 0
519, -2000033, -2000033, 755, 621, 0
520, -2000033, -2000033, 1431, 1138, 1
521, -2000033, -2000033, 1431, 1138, 1
522, -2000033, -2000033, 1431, 1138, 1
523, -2000033, -2000033, 1431, 1138, 1
524, -2000033, -2000033, 755, 621, 0
525, -2000033, -2000033, 755, 621, 0
526, -2000033, -2000033, 755, 621, 0
527, -2000033, -2000033, 755, 621, 0
528, -2000033, -2000033, 1431, 1138, 1
529, -2000033, -2000033, 1431, 1138, 1
530, -2000033, -2000033, 1431, 1138, 1
531, -2000033, -2000033, 1431, 1138, 1
532, -2000033, -2000033, 755, 621, 0
533, -2000033, -2000033, 755, 621, 0
534, -2000033, -2000033, 755, 621, 0
535, -2000033, -2000033, 755, 621, 0
536, -2000033, -2000033, 1431, 1138, 1
537, -2000033, -2000033, 1431, 1138, 1
538, -2000033, -2000033, 1431, 1138, 1
539, -2000033, -2000033, 1431, 1138, 1
540, -2000033, -2000033, 755, 621, 0
541, -2000033, -2000033, 755, 621, 0
542, -2000033, -2000033, 755, 621, 0
543, -2000033, -2000033, 755, 621, 0
544, -2000033, -2000033, 1431, 1138, 1
545, -2000033, -2000033, 1431, 1138, 1
546, -2000033, -2000033, 1431, 1138, 1
547, -2000033, -2000033, 1431, 1138, 1
548, -2000033, -2000033, 755, 621, 0
549, -2000033, -2000033, 755, 621, 0
550, -2000033, -2000033, 755, 621, 0
551, -2000033, -2000033, 755, 621, 0
552, -2000033, -2000033, 1431, 1138, 1
553, -2000033, -2000033, 1431, 1138, 1
554, -2000033, -2000033, 1431, 1138, 1
555, -2000033, -2000033, 1431, 1138, 1
556, -2000033, -2000033, 755, 621, 0
557, -2000033, -2000033, 755, 621, 0
558, -2000033, -2000033, 755, 621, 0
559, -2000033, -2000033, 755, 621, 0
560, -2000033, -2000033, 1431, 1138, 1
561, -2000033, -2000033, 1431, 1138, 1
562, -2000033, -2000033, 1431, 1138, 1
563, -2000033, -2000033, 1431, 1138, 1
564, -2000033, -2000033, 755, 621, 0
565, -2000033, -2000033, 755, 621, 0
566, -2000033, -2000033, 755, 621, 0
567, -2000033, -2000033, 755, 621, 0
568, -2000033, -2000033, 1431, 1138, 1
569, -2000033, -2000033, 1431, 1138, 1
570, -2000033, -2000033, 1431, 1138, 1
571, -2000033, -2000033, 1431, 1138, 1
572, -2000033, -2000033, 755, 621, 0
573, -2000033, -2000033, 755, 621, 0
574, -2000033, -2000033, 755, 621, 0
575, -2000033, -2000033, 755, 621, 0
576, -2000033, -2000033, 1431, 1138, 1
577, -2000033, -2000033, 1431, 1138, 1
578, -2000033, -2000033, 1431, 1138, 1
579, -2000033, -2000033, 1431, 1138, 1
580, -2000033, -2000033, 755, 621, 0
581, -2000033, -2000033, 755, 621, 0
582, -2000033, -2000033, 755, 621, 0
583, -2000033, -2000033, 755, 621, 0
584, -2000033, -2000033, 1431, 1138, 1
585, -2000033, -2000033, 1431, 1138, 1
586, -2000033, -2000033, 1431, 1138, 1
587, -2000033, -2000033, 1431, 1138, 1
588, -2000033, -2000033, 755, 621, 0
589, -2000033, -2000033, 755, 621, 0
590, -2000033, -2000033, 755, 621, 0
591, -2000033, -2000033, 755, 621, 0
592, -2000033, -2000033, 1431, 1138, 1
593, -2000033, -2000033, 1431, 1138, 1
594, -2000033, -2000033, 1431, 1138, 1
595, -2000033, -2000033, 1431, 1138, 1
596, -2000033, -2000033, 755, 621, 0
597, -2000033, -2000033, 755, 621, 0
598, -2000033, -2000033, 755, 621, 0
599, -2000033, -2000033, 755, 621, 0
600, -2000033, -2000033, 1431, 1138, 1
601, -2000033, -2000033, 1431, 1138, 1
602, -2000033, -2000033, 1431, 1138, 1
603, -2000033, -2000033, 1431, 1138, 1
604, -2000033, -2000033, 755, 621, 0
605, -2000033, -2000033, 755, 621, 0
606, -2000033, -2000033, 755, 621, 0
607, -2000033, -2000033, 755, 621, 0
608, -2000033, -2000033, 1431, 1138, 1
609, -2000033, -2000033, 1431, 1138, 1
610, -2000033, -2000033, 1431, 1138, 1
611, -2000033, -2000033, 1431, 1138, 1
612, -2000033, -2000033, 755, 621, 0
613, -2000033, -2000033, 755, 621, 0
614, -2000033, -2000033, 755, 621, 0
615, -2000033, -2000033, 755, 621, 0
616, -2000033, -2000033, 1431, 1138, 1
617, -2000033, -2000033, 1431, 1138, 1
618, -2000033, -2000033, 1431, 1138, 1
619, -2000033, -2000033, 1431, 1138, 1
620, -2000033, -2000033, 755, 621, 0
621, -2000033, -2000033, 755, 621, 0
622, -2000033, -2000033, 755, 621, 0
623, -2000033, -2000033, 755, 621, 0
624, -2000033, -2000033, 1431, 1138, 1
625, -2000033, -2000033, 1431, 1138, 1
626, -2000033, -2000033, 1431, 1138, 1
627, -2000033, -2000033, 1431, 1138, 1
628, -2000033, -2000033, 755, 621, 0
629, -2000033, -2000033, 755, 621, 0
630, -2000033, -2000033, 755, 621, 0
631, -2000033, -2000033, 755, 621, 0
632, -2000033, -2000033, 1431, 1138, 1
633, -2000033, -2000033, 1431, 1138, 1
634, -2000033, -2000033, 1431, 1138, 1
635, -2000033, -2000033, 1431, 1138, 1
636, -2000033, -2000033, 755, 621, 0
637, -2000033, -2000033, 755, 621, 0
638, -2000033, -2000033, 755, 621, 0
639, -2000033, -2000033, 755, 621, 0
640, -2000033, -2000033, 1431, 1138, 1
641, -2000033, -2000033, 1431, 1138, 1
642, -2000033, -2000033, 1431, 1138, 1
643, -2000033, -2000033, 1431, 1138, 1
644, -2173525, -2170791, -53868016, -53862324, -59696
645, -2173525, -2170791, -53868016, -53862324, -59696
646, -2173525, -2170791, -53868016, -53862324, -59696
647, -2173525, -2170791, -53868016, -53862324, -59696
648, -3147809, -3148309, 4183149, 4178582, 10926
649, -3147809, -3148309, 4183149, 4178582, 10926
650, -3147809, -3148309, 4183149, 4178582, 10926
651, -3147809, -3148309, 4183149, 4178582, 10926
652, -2979483, -2979412, -341079, -339773, -1528
653, -2979483, -2979412, -341079, -339773, -1528
654, -2979483, -2979412, -341079, -339773, -1528
655, -2979483, -2979412, -341079, -339773, -1528
656, -3002616, -3002625, 30048, 30265, 194
657, -3002616, -3002625, 30048, 30265, 194
658, -3002616, -3002625, 30048, 30265, 194
659, -3002616, -3002625, 30048, 30265, 194
660, -2999712, -2999710, -1377, -2888, -22
661, -2999712, -2999710, -1377, -2888, -22
662, -2999712, -2999710, -1377, -2888, -22
663, -2999712, -2999710, -1377, -2888, -22
664, -3000074, -3000073, 1384, 850, 3
665, -3000074, -3000073, 1384, 850, 3
666, -3000074, -3000073, 1384, 850, 3
667, -3000074, -3000073, 1384, 850, 3
668, -3000041, -3000041, 1334, 1123, 0
669, -3000041, -3000041, 1334, 1123, 0
670, -3000041, -3000041, 1334, 1123, 0
671, -3000041, -3000041, 1334, 1123, 0
672, -3000041, -3000041, 1514, 1210, 1
673, -3000041, -3000041, 1514, 1210, 1
674, -3000041, -3000041, 1514, 1210, 1
675, -3000041, -3000041, 1514, 1210, 1
676, -3000041, -3000041, 1123, 951, 1
677, -3000041, -3000041, 1123, 951, 1
678, -3000041, -3000041, 1123, 951, 1
679, -3000041, -3000041, 1123, 951, 1
680, -3000041, -3000041, 1516, 1212, 1
681, -3000041, -3000041, 1516, 1212, 1
682, -3000041, -3000041, 1516, 1212, 1
683, -3000041, -3000041, 1516, 1212, 1
684, -3000041, -3000041, 1123, 951, 1
685, -3000041, -3000041, 1123, 951, 1
686, -3000041, -3000041, 1123, 951, 1
687, -3000041, -3000041, 1123, 951, 1
688, -3000041, -3000041, 1516, 1212, 1
689, -3000041, -3000041, 1516, 1212, 1
690, -3000041, -3000041, 1516, 1212, 1
691, -3000041, -3000041, 1516, 1212, 1
692, -3000041, -3000041, 1123, 951, 1
693, -3000041, -3000041, 1123, 951, 1
694, -3000041, -3000041, 1123, 951, 1
695, -3000041, -3000041, 1123, 951, 1
696, -3000041, -3000041, 1516, 1212, 1
697, -3000041, -3000041, 1516, 1212, 1
698, -3000041, -3000041, 1516, 1212, 1
699, -3000041, -3000041, 1516, 1212, 1
700, -3000041, -3000041, 1123, 951, 1
701, -3000041, -3000041, 1123, 951, 1
702, -3000041, -3000041, 1123, 951, 1
703, -3000041, -3000041, 1123, 951, 1
704, -3000041, -3000041, 1516, 1212, 1
705, -3000041, -3000041, 1516, 1212, 1
706, -3000041, -3000041, 1516, 1212, 1
707, -3000041, -3000041, 1516, 1212, 1
708, -3000041, -3000041, 1123, 951, 1
709, -3000041, -3000041, 1123, 951, 1
710, -3000041, -3000041, 1123, 951, 1
711, -3000041, -3000041, 1123, 951, 1
712, -3000041, -3000041, 1516, 1212, 1
713, -3000041, -3000041, 1516, 1212, 1
714, -3000041, -3000041, 1516, 1212, 1
715, -3000041, -3000041, 1516, 1212, 1
716, -3000041, -3000041, 1123, 951, 1
717, -3000041, -3000041, 1123, 951, 1
718, -3000041, -3000041, 1123, 951, 1
719, -3000041, -3000041, 1123, 951, 1
720, -3000041, -3000041, 1516, 1212, 1
721, -3000041, -3000041, 1516, 1212, 1
722, -3000041, -3000041, 1516, 1212, 1
723, -3000041, -3000041, 1516, 1212, 1
724, -3000041, -3000041, 1123, 951, 1
725, -3000041, -3000041, 1123, 951, 1
726, -3000041, -3000041, 1123, 951, 1
727, -3000041, -3000041, 1123, 951, 1
728, -3000041, -3000041, 1516, 1212, 1
729, -3000041, -3000041, 1516, 1212, 1
730, -3000041, -3000041, 1516, 1212, 1
731, -3000041, -3000041, 1516, 1212, 1
732, -3000041, -3000041, 1123, 951, 1
733, -3000041, -3000041, 1123, 951, 1
734, -3000041, -3000041, 1123, 951, 1
735, -3000041, -3000041, 1123, 951, 1
736, -3000041, -3000041, 1516, 1212, 1
737, -3000041, -3000041, 1516, 1212, 1
738, -3000041, -3000041, 1516, 1212, 1
739, -3000041, -3000041, 1516, 1212, 1
740, -3000041, -3000041, 1123, 951, 1
741, -3000041, -3000041, 1123, 951, 1
742, -3000041, -3000041, 1123, 951, 1
743, -3000041, -3000041, 1123, 951, 1
744, -3000041, -3000041, 1516, 1212, 1
745, -3000041, -3000041, 1516, 1212, 1
746, -3000041, -3000041, 1516, 1212, 1
747, -3000041, -3000041, 1516, 1212, 1
748, -3000041, -3000041, 1123, 951, 1
749, -3000041, -3000041, 1123, 951, 1
750, -3000041, -3000041, 1123, 951, 1
751, -3000041, -3000041, 1123, 951, 1
752, -3000041, -3000041, 1516, 1212, 1
753, -3000041, -3000041, 1516, 1212, 1
754, -3000041, -3000041, 1516, 1212, 1
755, -3000041, -3000041, 1516, 1212, 1
756, -3000041, -3000041, 1123, 951, 1
757, -3000041, -3000041, 1123, 951, 1
758, -3000041, -3000041, 1123, 951, 1
759, -3000041, -3000041, 1123, 951, 1
760, -3000041, -3000041, 1516, 1212, 1
761, -3000041, -3000041, 1516, 1212, 1
762, -3000041, -3000041, 1516, 1212, 1
763, -3000041, -3000041, 1516, 1212, 1
764, -3000041, -3000041, 1123, 951, 1
765, -3000041, -3000041, 1123, 951, 1
766, -3000041, -3000041, 1123, 951, 1
767, -3000041, -3000041, 1123, 951, 1
768, -3000041, -3000041, 1516, 1212, 1
769, -3000041, -3000041, 1516, 1212, 1
770, -3000041, -3000041, 1516, 1212, 1
771, -3000041, -3000041, 1516, 1212, 1
772, -3000041, -3000041, 1123, 951, 1
773, -3000041, -3000041, 1123, 951, 1
774, -3000041, -3000041, 1123, 951, 1
775, -3000041, -3000041, 1123, 951, 1
776, -3000041, -3000041, 1516, 1212, 1
777, -3000041, -3000041, 1516, 1212, 1
778, -3000041, -3000041, 1516, 1212, 1
779, -3000041, -3000041, 1516, 1212, 1
780, -3000041, -3000041, 1123, 951, 1
781, -3000041, -3000041, 1123, 951, 1
782, -3000041, -3000041, 1123, 951, 1
783, -3000041, -3000041, 1123, 951, 1
784, -3000041, -3000041, 1516, 1212, 1
785, -3000041, -3000041, 1516, 1212, 1
786, -3000041, -3000041, 1516, 1212, 1
787, -3000041, -3000041, 1516, 1212, 1
788, -3000041, -3000041, 1123, 951, 1
789, -3000041, -3000041, 1123, 951, 1
790, -3000041, -3000041, 1123, 951, 1
791, -3000041, -3000041, 1123, 951, 1
792, -3000041, -3000041, 1516, 1212, 1
793, -3000041, -3000041, 1516, 1212, 1
794, -3000041, -3000041, 1516, 1212, 1
795, -3000041, -3000041, 1516, 1212, 1
796, -3000041, -3000041, 1123, 951, 1
797, -3000041, -3000041, 1123, 951, 1
798, -3000041, -3000041, 1123, 951, 1
799, -3000041, -3000041, 1123, 951, 1
800, -3000041, -3000041, 1516, 1212, 1
801, -3000041, -3000041, 1516, 1212, 1
802, -3000041, -3000041, 1516, 1212, 1
803, -3000041, -3000041, 1516, 1212, 1
804, -3000041, -3000041, 1123, 951, 1
805, -3000041, -3000041, 1123, 951, 1
806, -3000041, -3000041, 1123, 951, 1
807, -3000041, -3000041, 1123, 951, 1
808, -3000041, -3000041, 1518, 1214, 1
809, -3000041, -3000041, 1518, 1214, 1
810, -3000041, -3000041, 1518, 1214, 1
811, -3000041, -3000041, 1518, 1214, 1
812, -3000041, -3000041, 1123, 951, 1
813, -3000041, -3000041, 1123, 951, 1
814, -3000041, -3000041, 1123, 951, 1
815, -3000041, -3000041, 1123, 951, 1
816, -3000041, -3000041, 1516, 1212, 1
817, -3000041, -3000041, 1516, 1212, 1
818, -3000041, -3000041, 1516, 1212, 1
819, -3000041, -3000041, 1516, 1212, 1
820, -3000041, -3000041, 1123, 951, 1
821, -3000041, -3000041, 1123, 951, 1
822, -3000041, -3000041, 1123, 951, 1
823, -3000041, -3000041, 1123, 951, 1
824, -3000041, -3000041, 1516, 1212, 1
825, -3000041, -3000041, 1516, 1212, 1
826, -3000041, -3000041, 1516, 1212, 1
827, -3000041, -3000041, 1516, 1212, 1
828, -3000041, -3000041, 1123, 951, 1
829, -3000041, -3000041, 1123, 951, 1
830, -3000041, -3000041, 1123, 951, 1
831, -3000041, -3000041, 1123, 951, 1
832, -3000041, -3000041, 1516, 1212, 1
833, -3000041, -3000041, 1516, 1212, 1
834, -3000041, -3000041, 1516, 1212, 1
835, -3000041, -3000041, 1516, 1212, 1
836, -3000041, -3000041, 1123, 951, 1
837, -3000041, -3000041, 1123, 951, 1
838, -3000041, -3000041, 1123, 951, 1
839, -3000041, -3000041, 1123, 951, 1
840, -3000041, -3000041, 1516, 1212, 1
841, -3000041, -3000041, 1516, 1212, 1
842, -3000041, -3000041, 1516, 1212, 1
843, -3000041, -3000041, 1516, 1212, 1
844, -3000041, -3000041, 1123, 951, 1
845, -3000041, -3000041, 1123, 951, 1
846, -3000041, -3000041, 1123, 951, 1
847, -3000041, -3000041, 1123, 951, 1
848, -3000041, -3000041, 1516, 1212, 1
849, -3000041, -3000041, 1516, 1212, 1
850, -3000041, -3000041, 1516, 1212, 1
851, -3000041, -3000041, 1516, 1212, 1
852, -3000041, -3000041, 1123, 951, 1
853, -3000041, -3000041, 1123, 951, 1
854, -3000041, -3000041, 1123, 951, 1
855, -3000041, -3000041, 1123, 951, 1
856, -3000041, -3000041, 1516, 1212, 1
857, -3000041, -3000041, 1516, 1212, 1
858, -3000041, -3000041, 1516, 1212, 1
859, -3000041, -3000041, 1516, 1212, 1
860, -3000041, -3000041, 1123, 951, 1
861, -3000041, -3000041, 1123, 951, 1
862, -3000041, -3000041, 1123, 951, 1
863, -3000041, -3000041, 1123, 951, 1
864, -3000041, -3000041, 1516, 1212, 1
865, -3000041, -3000041, 1516, 1212, 1
866, -3000041, -3000041, 1516, 1212, 1
867, -3000041, -3000041, 1516, 1212, 1
868, -3000041, -3000041, 1123, 951, 1
869, -3000041, -3000041, 1123, 951, 1
870, -3000041, -3000041, 1123, 951, 1
871, -3000041, -3000041, 1123, 951, 1
872, -3000041, -3000041, 1516, 1212, 1
873, -3000041, -3000041, 1516, 1212, 1
874, -3000041, -3000041, 1516, 1212, 1
875, -3000041, -3000041, 1516, 1212, 1
876, -3000041, -3000041, 1123, 951, 1
877, -3000041, -3000041, 1123, 951, 1
878, -3000041, -3000041, 1123, 951, 1
879, -3000041, -3000041, 1123, 951, 1
880, -3000041, -3000041, 1516, 1212, 1
881, -3000041, -3000041, 1516, 1212, 1
882, -3000041, -3000041, 1516, 1212, 1
883, -3000041, -3000041, 1516, 1212, 1
884, -3000041, -3000041, 1123, 951, 1
885, -3000041, -3000041, 1123, 951, 1
886, -3000041, -3000041, 1123, 951, 1
887, -3000041, -3000041, 1123, 951, 1
888, -3000041, -3000041, 1516, 1212, 1
889, -3000041, -3000041, 1516, 1212, 1
890, -3000041, -3000041, 1516, 1212, 1
891, -3000041, -3000041, 1516, 1212, 1
892, -3000041, -3000041, 1123, 951, 1
893, -3000041, -3000041, 1123, 951, 1
894, -3000041, -3000041, 1123, 951, 1
895, -3000041, -3000041, 1123, 951, 1
896, -3000041, -3000041, 1516, 1212, 1
897, -3000041, -3000041, 1516, 1212, 1
898, -3000041, -3000041, 1516, 1212, 1
899, -3000041, -3000041, 1516, 1212, 1
900, -3000041, -3000041, 1123, 951, 1
901, -3000041, -3000041, 1123, 951, 1
902, -3000041, -3000041, 1123, 951, 1
903, -3000041, -3000041, 1123, 951, 1
904, -3000041, -3000041, 1516, 1212, 1
905, -3000041, -3000041, 1516, 1212, 1
906, -3000041, -3000041, 1516, 1212, 1
907, -3000041, -3000041, 1516, 1212, 1
908, -3000041, -3000041, 1123, 951, 1
909, -3000041, -3000041, 1123, 951, 1
910, -3000041, -3000041, 1123, 951, 1
911, -3000041, -3000041, 1123, 951, 1
912, -3000041, -3000041, 1516, 1212, 1
913, -3000041, -3000041, 1516, 1212, 1
914, -3000041, -3000041, 1516, 1212, 1
915, -3000041, -3000041, 1516, 1212, 1
916, -3000041, -3000041, 1123, 951, 1
917, -3000041, -3000041, 1123, 951, 1
918, -3000041, -3000041, 1123, 951, 1
919, -3000041, -3000041, 1123, 951, 1
920, -3000041, -3000041, 1516, 1212, 1
921, -3000041, -3000041, 1516, 1212, 1
922, -3000041, -3000041, 1516, 1212, 1
923, -3000041, -3000041, 1516, 1212, 1
924, -3000041, -3000041, 1123, 951, 1
925, -3000041, -3000041, 1123, 951, 1
926, -3000041, -3000041, 1123, 951, 1
927, -3000041, -3000041, 1123, 951, 1
928, -3000041, -3000041, 1516, 1212, 1
929, -3000041, -3000041, 1516, 1212, 1
930, -3000041, -3000041, 1516, 1212, 1
931, -3000041, -3000041, 1516, 1212, 1
932, -3000041, -3000041, 1123, 951, 1
933, -3000041, -3000041, 1123, 951, 1
934, -3000041, -3000041, 1123, 951, 1
935, -3000041, -3000041, 1123, 951, 1
936, -3000041, -3000041, 1516, 1212, 1
937, -3000041, -3000041, 1516, 1212, 1
938, -3000041, -3000041, 1516, 1212, 1
939, -3000041, -3000041, 1516, 1212, 1
940, -3000041, -3000041, 1123, 951, 1
941, -3000041, -3000041, 1123, 951, 1
942, -3000041, -3000041, 1123, 951, 1
943, -3000041, -3000041, 1123, 951, 1
944, -3000041, -3000041, 1516, 1212, 1
945, -3000041, -3000041, 1516, 1212, 1
946, -3000041, -3000041, 1516, 1212, 1
947, -3000041, -3000041, 1516, 1212, 1
948, -3000041, -3000041, 1123, 951, 1
949, -3000041, -3000041, 1123, 951, 1
950, -3000041, -3000041, 1123, 951, 1
951, -3000041, -3000041, 1123, 951, 1
952, -3000041, -3000041, 1516, 1212, 1
953, -3000041, -3000041, 1516, 1212, 1
954, -3000041, -3000041, 1516, 1212, 1
955, -3000041, -3000041, 1516, 1212, 1
956, -3000041, -3000041, 1123, 951, 1
957, -3000041, -3000041, 1123, 951, 1
958, -3000041, -3000041, 1123, 951, 1
959, -3000041, -3000041, 1123, 951, 1
960, -3000041, -3000041, 1516, 1212, 1
961, -3000041, -3000041, 1516, 1212, 1
962, -3000041, -3000041, 1516, 1212, 1
963, -3000041, -3000041, 1516, 1212, 1
964, -3173532, -3170798, -53867644, -53861944, -59695
965, -3173532, -3170798, -53867644, -53861944, -59695
966, -3173532, -3170798, -53867644, -53861944, -59695
967, -3173532, -3170798, -53867644, -53861944, -59695
968, -4147834, -4148335, 4181118, 4180760, 10926
969, -4147834, -4148335, 4181118, 4180760, 10926
970, -4147834, -4148335, 4181118, 4180760, 10926
971, -4147834, -4148335, 4181118, 4180760, 10926
972, -3979534, -3979464, -339170, -338943, -1527
973, -3979534, -3979464, -339170, -338943, -1527
974, -3979534, -3979464, -339170, -338943, -1527
975, -3979534, -3979464, -339170, -338943, -1527
976, -4002663, -4002673, 31839, 31581, 196
977, -4002663, -4002673, 31839, 31581, 196
978, -4002663, -4002673, 31839, 31581, 196
979, -4002663, -4002673, 31839, 31581, 196
980, -3999747, -3999747, -973, -671, -21
981, -3999747, -3999747, -973, -671, -21
982, -3999747, -3999747, -973, -671, -21
983, -3999747, -3999747, -973, -671, -21
984, -4000046, -4000047, 2110, 1918, 4
985, -4000046, -4000047, 2110, 1918, 4
986, -4000046, -4000047, 2110, 1918, 4
987, -4000046, -4000047, 2110, 1918, 4
988, -4000043, -4000043, -1088, -764, -1
989, -4000043, -4000043, -1088, -764, -1
990, -4000043, -4000043, -1088, -764, -1
991, -4000043, -4000043, -1088, -764, -1
992, -4000042, -4000042, 3951, 3076, 4
993, -4000042, -4000042, 3951, 3076, 4
994, -4000042, -4000042, 3951, 3076, 4
995, -4000042, -4000042, 3951, 3076, 4
996, -4000043, -4000043, -1180, -845, -1
997, -4000043, -4000043, -1180, -845, -1
998, -4000043, -4000043, -1180, -845, -1
999, -4000043, -4000043, -1180, -845, -1