k, m_temp, e_temp, s0, s1, s2, s3
0, 1, 1, 0, 0, 0, 0
1, 1, 1, 0, 0, 0, 0
2, 1, 0, 0, 0, 0, 0
3, 1, 1, 0, 0, 0, 0
4, 1, 1, 0, 0, 0, 0
5, 1, 0, 0, 0, 0, 0
6, 1, 0, 0, 0, 0, 0
7, 1, 1, 0, 0, 0, 0
8, 1, 1, -178895, -176160, -54144464, -54141200
9, 2, 1, -178895, -176160, -54144464, -54141200
10, 2, 0, -178895, -176160, -54144464, -54141200
11, 2, 1, -178895, -176160, -54144464, -54141200
12, 2, 1, -178895, -176160, -54144464, -54141200
13, 2, 0, -178895, -176160, -54144464, -54141200
14, 2, 1, -178895, -176160, -54144464, -54141200
15, 2, 0, -178895, -176160, -54144464, -54141200
16, 1, 0, -2275822, -2277543, 27785888, 27779144
17, 1, 1, -2275822, -2277543, 27785888, 27779144
18, 1, 1, -2275822, -2277543, 27785888, 27779144
19, 1, 1, -2275822, -2277543, 27785888, 27779144
20, 1, 1, -1545008, -1546731, 37513028, 37512964
21, 1, 0, -1545008, -1546731, 37513028, 37512964
22, 1, 1, -1545008, -1546731, 37513028, 37512964
23, 1, 1, -1545008, -1546731, 37513028, 37512964
24, 1, 1, -794740, -796463, 37513448, 37513420
25, 1, 1, -794740, -796463, 37513448, 37513420
26, 1, 1, -794740, -796463, 37513448, 37513420
27, 1, 0, -794740, -796463, 37513448, 37513420
28, 1, 1, -44471, -46194, 37513432, 37513440
29, 1, 0, -44471, -46194, 37513432, 37513440
30, 1, 1, -44471, -46194, 37513432, 37513440
31, 1, 0, -44471, -46194, 37513432, 37513440
32, 1, 0, 331102, 335473, -81892888, -81883304
33, 1, 0, 331102, 335473, -81892888, -81883304
34, 1, 0, 331102, 335473, -81892888, -81883304
35, 1, 1, 331102, 335473, -81892888, -81883304
36, 1, 1, -1231251, -1232000, 5158761, 5150834
37, 1, 0, -1231251, -1232000, 5158761, 5150834
38, 2, 1, -1231251, -1232000, 5158761, 5150834
39, 2, 0, -1231251, -1232000, 5158761, 5150834
40, 2, 0, -1231251, -1232000, 5158761, 5150834
41, 2, 0, -1231251, -1232000, 5158761, 5150834
42, 2, 1, -1231251, -1232000, 5158761, 5150834
43, 2, 1, -1231251, -1232000, 5158761, 5150834
44, 1, 0, -673412, -672971, -7002593, -7000837
45, 1, 0, -673412, -672971, -7002593, -7000837
46, 1, 0, -673412, -672971, -7002593, -7000837
47, 1, 1, -673412, -672971, -7002593, -7000837
48, 1, 1, -861246, -860789, -9918334, -9917986
49, 2, 1, -861246, -860789, -9918334, -9917986
50, 2, 0, -861246, -860789, -9918334, -9917986
51, 2, 1, -861246, -860789, -9918334, -9917986
52, 2, 1, -861246, -860789, -9918334, -9917986
53, 2, 0, -861246, -860789, -9918334, -9917986
54, 2, 0, -861246, -860789, -9918334, -9917986
55, 2, 0, -861246, -860789, -9918334, -9917986
56, 1, 1, -1210538, -1210827, 4805385, 4804222
57, 1, 0, -1210538, -1210827, 4805385, 4804222
58, 1, 1, -1210538, -1210827, 4805385, 4804222
59, 1, 0, -1210538, -1210827, 4805385, 4804222
60, 1, 1, -1087861, -1088151, 6300877, 6300788
61, 1, 0, -1087861, -1088151, 6300877, 6300788
62, 1, 1, -1087861, -1088151, 6300877, 6300788
63, 2, 1, -1087861, -1088151, 6300877, 6300788
64, 2, 1, -1087861, -1088151, 6300877, 6300788
65, 2, 1, -1087861, -1088151, 6300877, 6300788
66, 2, 1, -1087861, -1088151, 6300877, 6300788
67, 2, 0, -1087861, -1088151, 6300877, 6300788
68, 1, 0, -864746, -864563, -2946348, -2945703
69, 1, 0, -864746, -864563, -2946348, -2945703
70, 1, 1, -864746, -864563, -2946348, -2945703
71, 1, 0, -864746, -864563, -2946348, -2945703
72, 1, 1, -942613, -942424, -4102637, -4102458
73, 1, 0, -942613, -942424, -4102637, -4102458
74, 1, 1, -942613, -942424, -4102637, -4102458
75, 1, 0, -942613, -942424, -4102637, -4102458
76, 1, 0, -1011082, -1011117, 292843, 292244
77, 1, 0, -1011082, -1011117, 292843, 292244
78, 1, 1, -1011082, -1011117, 292843, 292244
79, 1, 0, -1011082, -1011117, 292843, 292244
80, 1, 0, -998831, -998827, 4639, 5229
81, 1, 1, -998831, -998827, 4639, 5229
82, 1, 1, -998831, -998827, 4639, 5229
83, 2, 1, -998831, -998827, 4639, 5229
84, 2, 1, -998831, -998827, 4639, 5229
85, 2, 0, -998831, -998827, 4639, 5229
86, 2, 1, -998831, -998827, 4639, 5229
87, 2, 1, -998831, -998827, 4639, 5229
88, 1, 0, -1001566, -1001568, 33568, 33110
89, 1, 1, -1001566, -1001568, 33568, 33110
90, 1, 0, -1001566, -1001568, 33568, 33110
91, 1, 0, -1001566, -1001568, 33568, 33110
92, 1, 1, -1000664, -1000666, 47320, 47717
93, 1, 1, -1000664, -1000666, 47320, 47717
94, 2, 1, -1000664, -1000666, 47320, 47717
95, 2, 0, -1000664, -1000666, 47320, 47717
96, 2, 1, -1000664, -1000666, 47320, 47717
97, 2, 0, -1000664, -1000666, 47320, 47717
98, 2, 0, -1000664, -1000666, 47320, 47717
99, 2, 0, -1000664, -1000666, 47320, 47717
100, 1, 0, -998976, -998974, -22210, -22332
101, 1, 1, -998976, -998974, -22210, -22332
102, 1, 0, -998976, -998974, -22210, -22332
103, 1, 1, -998976, -998974, -22210, -22332
104, 1, 0, -999562, -999561, -31058, -31125
105, 1, 1, -999562, -999561, -31058, -31125
106, 1, 0, -999562, -999561, -31058, -31125
107, 1, 1, -999562, -999561, -31058, -31125
108, 2, 1, -1000085, -1000085, 2250, 1933
109, 2, 1, -1000085, -1000085, 2250, 1933
110, 2, 0, -1000085, -1000085, 2250, 1933
111, 2, 0, -1000085, -1000085, 2250, 1933
112, 2, 0, -1000085, -1000085, 2250, 1933
113, 2, 1, -1000085, -1000085, 2250, 1933
114, 2, 0, -1000085, -1000085, 2250, 1933
115, 2, 1, -1000085, -1000085, 2250, 1933
116, 1, 1, -999885, -999885, -2472, -2355
117, 1, 1, -999885, -999885, -2472, -2355
118, 1, 0, -999885, -999885, -2472, -2355
119, 1, 0, -999885, -999885, -2472, -2355
120, 1, 0, -999948, -999947, -3174, -3858
121, 1, 1, -999948, -999947, -3174, -3858
122, 1, 0, -999948, -999947, -3174, -3858
123, 1, 1, -999948, -999947, -3174, -3858
124, 2, 1, -1000005, -1000005, 153, 67
125, 2, 1, -1000005, -1000005, 153, 67
126, 2, 0, -1000005, -1000005, 153, 67
127, 2, 0, -1000005, -1000005, 153, 67
128, 2, 0, -1000005, -1000005, 153, 67
129, 2, 1, -1000005, -1000005, 153, 67
130, 2, 0, -1000005, -1000005, 153, 67
131, 2, 1, -1000005, -1000005, 153, 67
132, 1, 0, -999987, -999987, -131, -374
133, 1, 0, -999987, -999987, -131, -374
134, 1, 0, -999987, -999987, -131, -374
135, 1, 0, -999987, -999987, -131, -374
136, 1, 1, -999988, -999988, -466, -393
137, 1, 1, -999988, -999988, -466, -393
138, 2, 1, -999988, -999988, -466, -393
139, 2, 0, -999988, -999988, -466, -393
140, 2, 1, -999988, -999988, -466, -393
141, 2, 1, -999988, -999988, -466, -393
142, 2, 0, -999988, -999988, -466, -393
143, 2, 1, -999988, -999988, -466, -393
144, 1, 0, -999988, -999988, 93, 70
145, 1, 0, -999988, -999988, 93, 70
146, 1, 0, -999988, -999988, 93, 70
147, 1, 0, -999988, -999988, 93, 70
148, 1, 0, -999988, -999988, -780, -646
149, 1, 0, -999988, -999988, -780, -646
150, 1, 0, -999988, -999988, -780, -646
151, 1, 0, -999988, -999988, -780, -646
152, 1, 1, -999988, -999988, 64, 40
153, 1, 1, -999988, -999988, 64, 40
154, 1, 0, -999988, -999988, 64, 40
155, 1, 0, -999988, -999988, 64, 40
156, 1, 0, -999988, -999988, -785, -650
157, 1, 1, -999988, -999988, -785, -650
158, 1, 0, -999988, -999988, -785, -650
159, 1, 0, -999988, -999988, -785, -650
160, 1, 1, -999988, -999988, 75, 49
161, 1, 0, -999988, -999988, 75, 49
162, 1, 0, -999988, -999988, 75, 49
163, 1, 0, -999988, -999988, 75, 49
164, 1, 0, -999988, -999988, -789, -654
165, 1, 0, -999988, -999988, -789, -654
166, 1, 1, -999988, -999988, -789, -654
167, 1, 1, -999988, -999988, -789, -654
168, 2, 1, -999988, -999988, 81, 53
169, 2, 0, -999988, -999988, 81, 53
170, 2, 0, -999988, -999988, 81, 53
171, 2, 0, -999988, -999988, 81, 53
172, 2, 1, -999988, -999988, 81, 53
173, 2, 0, -999988, -999988, 81, 53
174, 2, 0, -999988, -999988, 81, 53
175, 2, 0, -999988, -999988, 81, 53
176, 1, 1, -999988, -999988, -346, -454
177, 1, 1, -999988, -999988, -346, -454
178, 1, 1, -999988, -999988, -346, -454
179, 1, 0, -999988, -999988, -346, -454
180, 1, 1, -999988, -999988, -501, -425
181, 1, 0, -999988, -999988, -501, -425
182, 1, 1, -999988, -999988, -501, -425
183, 1, 0, -999988, -999988, -501, -425
184, 1, 1, -999988, -999988, -214, -226
185, 1, 0, -999988, -999988, -214, -226
186, 1, 0, -999988, -999988, -214, -226
187, 1, 1, -999988, -999988, -214, -226
188, 1, 1, -999988, -999988, -480, -403
189, 1, 0, -999988, -999988, -480, -403
190, 2, 1, -999988, -999988, -480, -403
191, 2, 1, -999988, -999988, -480, -403
192, 2, 0, -999988, -999988, -480, -403
193, 2, 0, -999988, -999988, -480, -403
194, 2, 0, -999988, -999988, -480, -403
195, 2, 0, -999988, -999988, -480, -403
196, 1, 1, -999988, -999988, 125, 96
197, 1, 1, -999988, -999988, 125, 96
198, 1, 1, -999988, -999988, 125, 96
199, 1, 1, -999988, -999988, 125, 96
200, 1, 1, -999988, -999988, 189, 160
201, 1, 0, -999988, -999988, 189, 160
202, 1, 1, -999988, -999988, 189, 160
203, 1, 1, -999988, -999988, 189, 160
204, 1, 0, -999988, -999988, 189, 160
205, 1, 1, -999988, -999988, 189, 160
206, 1, 1, -999988, -999988, 189, 160
207, 1, 1, -999988, -999988, 189, 160
208, 1, 1, -999988, -999988, 189, 160
209, 1, 1, -999988, -999988, 189, 160
210, 1, 0, -999988, -999988, 189, 160
211, 1, 0, -999988, -999988, 189, 160
212, 1, 0, -999988, -999988, -823, -682
213, 1, 0, -999988, -999988, -823, -682
214, 1, 1, -999988, -999988, -823, -682
215, 1, 0, -999988, -999988, -823, -682
216, 1, 0, -999995, -999995, 116, 84
217, 1, 0, -999995, -999995, 116, 84
218, 1, 0, -999995, -999995, 116, 84
219, 1, 0, -999995, -999995, 116, 84
220, 1, 0, -999995, -999995, -446, -327
221, 1, 1, -999995, -999995, -446, -327
222, 1, 0, -999995, -999995, -446, -327
223, 1, 0, -999995, -999995, -446, -327
224, 1, 1, -999995, -999995, 141, 110
225, 1, 1, -999995, -999995, 141, 110
226, 1, 0, -999995, -999995, 141, 110
227, 1, 0, -999995, -999995, 141, 110
228, 1, 0, -999995, -999995, -440, -323
229, 1, 0, -999995, -999995, -440, -323
230, 1, 1, -999995, -999995, -440, -323
231, 1, 0, -999995, -999995, -440, -323
232, 1, 1, -999995, -999995, 136, 105
233, 2, 1, -999995, -999995, 136, 105
234, 2, 0, -999995, -999995, 136, 105
235, 2, 0, -999995, -999995, 136, 105
236, 2, 0, -999995, -999995, 136, 105
237, 2, 0, -999995, -999995, 136, 105
238, 2, 0, -999995, -999995, 136, 105
239, 2, 1, -999995, -999995, 136, 105
240, 1, 0, -999995, -999995, -267, -219
241, 1, 0, -999995, -999995, -267, -219
242, 1, 1, -999995, -999995, -267, -219
243, 1, 0, -999995, -999995, -267, -219
244, 1, 1, -999995, -999995, 3, -1
245, 2, 1, -999995, -999995, 3, -1
246, 2, 0, -999995, -999995, 3, -1
247, 2, 1, -999995, -999995, 3, -1
248, 2, 0, -999995, -999995, 3, -1
249, 2, 0, -999995, -999995, 3, -1
250, 2, 1, -999995, -999995, 3, -1
251, 2, 1, -999995, -999995, 3, -1
252, 1, 1, -999995, -999995, -134, -111
253, 1, 0, -999995, -999995, -134, -111
254, 1, 0, -999995, -999995, -134, -111
255, 1, 1, -999995, -999995, -134, -111
256, 1, 1, -999995, -999995, -136, -116
257, 1, 0, -999995, -999995, -136, -116
258, 1, 0, -999995, -999995, -136, -116
259, 1, 1, -999995, -999995, -136, -116
260, 1, 0, -999995, -999995, -146, -124
261, 1, 1, -999995, -999995, -146, -124
262, 2, 1, -999995, -999995, -146, -124
263, 2, 1, -999995, -999995, -146, -124
264, 2, 0, -999995, -999995, -146, -124
265, 2, 0, -999995, -999995, -146, -124
266, 2, 0, -999995, -999995, -146, -124
267, 2, 1, -999995, -999995, -146, -124
268, 1, 0, -999995, -999995, 12, 8
269, 1, 1, -999995, -999995, 12, 8
270, 1, 0, -999995, -999995, 12, 8
271, 1, 1, -999995, -999995, 12, 8
272, 1, 0, -999995, -999995, -277, -230
273, 1, 1, -999995, -999995, -277, -230
274, 2, 1, -999995, -999995, -277, -230
275, 2, 1, -999995, -999995, -277, -230
276, 2, 1, -999995, -999995, -277, -230
277, 2, 0, -999995, -999995, -277, -230
278, 2, 1, -999995, -999995, -277, -230
279, 2, 0, -999995, -999995, -277, -230
280, 1, 0, -999995, -999995, 146, 117
281, 1, 1, -999995, -999995, 146, 117
282, 1, 1, -999995, -999995, 146, 117
283, 1, 0, -999995, -999995, 146, 117
284, 2, 1, -999995, -999995, -321, -434
285, 2, 1, -999995, -999995, -321, -434
286, 2, 1, -999995, -999995, -321, -434
287, 2, 1, -999995, -999995, -321, -434
288, 2, 1, -999995, -999995, -321, -434
289, 2, 1, -999995, -999995, -321, -434
290, 2, 0, -999995, -999995, -321, -434
291, 2, 0, -999995, -999995, -321, -434
292, 1, 1, -999995, -999995, 280, 226
293, 1, 0, -999995, -999995, 280, 226
294, 1, 0, -999995, -999995, 280, 226
295, 1, 0, -999995, -999995, 280, 226
296, 1, 1, -999991, -999991, -500, -492
297, 1, 1, -999991, -999991, -500, -492
298, 2, 1, -999991, -999991, -500, -492
299, 2, 0, -999991, -999991, -500, -492
300, 2, 0, -999991, -999991, -500, -492
301, 2, 1, -999991, -999991, -500, -492
302, 2, 0, -999991, -999991, -500, -492
303, 2, 0, -999991, -999991, -500, -492
304, 1, 1, -999991, -999991, 308, 247
305, 1, 0, -999991, -999991, 308, 247
306, 1, 1, -999991, -999991, 308, 247
307, 1, 1, -999991, -999991, 308, 247
308, 1, 1, -999984, -999984, 458, 290
309, 1, 0, -999984, -999984, 458, 290
310, 1, 1, -999984, -999984, 458, 290
311, 1, 1, -999984, -999984, 458, 290
312, 1, 1, -999976, -999976, 405, 343
313, 1, 1, -999976, -999976, 405, 343
314, 1, 1, -999976, -999976, 405, 343
315, 1, 0, -999976, -999976, 405, 343
316, 1, 0, -999965, -999965, 405, 343
317, 1, 1, -999965, -999965, 405, 343
318, 1, 0, -999965, -999965, 405, 343
319, 1, 0, -999965, -999965, 405, 343
320, 1, 0, -999963, -999962, -2052, -2290
321, 1, 0, -999963, -999962, -2052, -2290
322, 1, 1, -999963, -999962, -2052, -2290
323, 1, 1, -999963, -999962, -2052, -2290
324, 1, 0, -1168125, -1165391, -53576904, -53572572
325, 1, 0, -1168125, -1165391, -53576904, -53572572
326, 1, 1, -1168125, -1165391, -53576904, -53572572
327, 1, 0, -1168125, -1165391, -53576904, -53572572
328, 1, 1, -2149181, -2149664, 3518666, 3513897
329, 2, 1, -2149181, -2149664, 3518666, 3513897
330, 2, 0, -2149181, -2149664, 3518666, 3513897
331, 2, 0, -2149181, -2149664, 3518666, 3513897
332, 2, 0, -2149181, -2149664, 3518666, 3513897
333, 2, 1, -2149181, -2149664, 3518666, 3513897
334, 2, 0, -2149181, -2149664, 3518666, 3513897
335, 2, 0, -2149181, -2149664, 3518666, 3513897
336, 1, 0, -1788808, -1788523, -4529939, -4529166
337, 1, 0, -1788808, -1788523, -4529939, -4529166
338, 1, 0, -1788808, -1788523, -4529939, -4529166
339, 1, 0, -1788808, -1788523, -4529939, -4529166
340, 1, 1, -1910271, -1909976, -6413358, -6414035
341, 1, 1, -1910271, -1909976, -6413358, -6414035
342, 1, 0, -1910271, -1909976, -6413358, -6414035
343, 2, 1, -1910271, -1909976, -6413358, -6414035
344, 2, 0, -1910271, -1909976, -6413358, -6414035
345, 2, 0, -1910271, -1909976, -6413358, -6414035
346, 2, 1, -1910271, -1909976, -6413358, -6414035
347, 2, 1, -1910271, -1909976, -6413358, -6414035
348, 1, 0, -2138042, -2138228, 3007751, 3006147
349, 1, 1, -2138042, -2138228, 3007751, 3006147
350, 1, 0, -2138042, -2138228, 3007751, 3006147
351, 1, 1, -2138042, -2138228, 3007751, 3006147
352, 2, 1, -2058557, -2058750, 4187679, 4185792
353, 2, 1, -2058557, -2058750, 4187679, 4185792
354, 2, 1, -2058557, -2058750, 4187679, 4185792
355, 2, 1, -2058557, -2058750, 4187679, 4185792
356, 2, 0, -2058557, -2058750, 4187679, 4185792
357, 2, 0, -2058557, -2058750, 4187679, 4185792
358, 2, 1, -2058557, -2058750, 4187679, 4185792
359, 2, 0, -2058557, -2058750, 4187679, 4185792
360, 1, 0, -1909887, -1909766, -1963360, -1962051
361, 1, 1, -1909887, -1909766, -1963360, -1962051
362, 1, 1, -1909887, -1909766, -1963360, -1962051
363, 1, 1, -1909887, -1909766, -1963360, -1962051
364, 1, 0, -1961504, -1961383, -2649230, -2649770
365, 1, 0, -1961504, -1961383, -2649230, -2649770
366, 1, 0, -1961504, -1961383, -2649230, -2649770
367, 1, 1, -1961504, -1961383, -2649230, -2649770
368, 1, 0, -2005299, -2005318, 135098, 134631
369, 1, 1, -2005299, -2005318, 135098, 134631
370, 2, 1, -2005299, -2005318, 135098, 134631
371, 2, 0, -2005299, -2005318, 135098, 134631
372, 2, 0, -2005299, -2005318, 135098, 134631
373, 2, 0, -2005299, -2005318, 135098, 134631
374, 2, 0, -2005299, -2005318, 135098, 134631
375, 2, 0, -2005299, -2005318, 135098, 134631
376, 1, 1, -1991235, -1991223, -190877, -189788
377, 1, 0, -1991235, -1991223, -190877, -189788
378, 1, 0, -1991235, -1991223, -190877, -189788
379, 1, 1, -1991235, -1991223, -190877, -189788
380, 1, 0, -1996272, -1996259, -266088, -265987
381, 1, 0, -1996272, -1996259, -266088, -265987
382, 1, 1, -1996272, -1996259, -266088, -265987
383, 1, 0, -1996272, -1996259, -266088, -265987
384, 1, 1, -2000707, -2000709, 18671, 18621
385, 2, 1, -2000707, -2000709, 18671, 18621
386, 2, 1, -2000707, -2000709, 18671, 18621
387, 2, 0, -2000707, -2000709, 18671, 18621
388, 2, 1, -2000707, -2000709, 18671, 18621
389, 2, 0, -2000707, -2000709, 18671, 18621
390, 2, 1, -2000707, -2000709, 18671, 18621
391, 2, 1, -2000707, -2000709, 18671, 18621
392, 1, 1, -1998948, -1998946, -21408, -22443
393, 1, 0, -1998948, -1998946, -21408, -22443
394, 1, 1, -1998948, -1998946, -21408, -22443
395, 1, 0, -1998948, -1998946, -21408, -22443
396, 1, 0, -1999536, -1999534, -32324, -33079
397, 1, 0, -1999536, -1999534, -32324, -33079
398, 1, 0, -1999536, -1999534, -32324, -33079
399, 1, 0, -1999536, -1999534, -32324, -33079
400, 1, 0, -2000085, -2000085, 1777, 2459
401, 1, 0, -2000085, -2000085, 1777, 2459
402, 1, 1, -2000085, -2000085, 1777, 2459
403, 1, 0, -2000085, -2000085, 1777, 2459
404, 1, 1, -1999986, -1999986, -307, 297
405, 2, 1, -1999986, -1999986, -307, 297
406, 2, 1, -1999986, -1999986, -307, 297
407, 2, 0, -1999986, -1999986, -307, 297
408, 2, 0, -1999986, -1999986, -307, 297
409, 2, 0, -1999986, -1999986, -307, 297
410, 2, 1, -1999986, -1999986, -307, 297
411, 2, 1, -1999986, -1999986, -307, 297
412, 1, 0, -1999986, -1999986, 157, 121
413, 1, 1, -1999986, -1999986, 157, 121
414, 1, 1, -1999986, -1999986, 157, 121
415, 1, 1, -1999986, -1999986, 157, 121
416, 1, 1, -1999986, -1999986, 231, 196
417, 1, 0, -1999986, -1999986, 231, 196
418, 1, 0, -1999986, -1999986, 231, 196
419, 1, 1, -1999986, -1999986, 231, 196
420, 1, 1, -1999986, -1999986, -959, -795
421, 1, 0, -1999986, -1999986, -959, -795
422, 1, 0, -1999986, -1999986, -959, -795
423, 1, 0, -1999986, -1999986, -959, -795
424, 1, 0, -1999986, -1999986, 121, 84
425, 1, 0, -1999986, -1999986, 121, 84
426, 1, 0, -1999986, -1999986, 121, 84
427, 1, 1, -1999986, -1999986, 121, 84
428, 1, 0, -1999986, -1999986, -958, -793
429, 1, 1, -1999986, -1999986, -958, -793
430, 2, 1, -1999986, -1999986, -958, -793
431, 2, 1, -1999986, -1999986, -958, -793
432, 2, 1, -1999986, -1999986, -958, -793
433, 2, 1, -1999986, -1999986, -958, -793
434, 2, 0, -1999986, -1999986, -958, -793
435, 2, 1, -1999986, -1999986, -958, -793
436, 1, 0, -1999986, -1999986, 569, 460
437, 1, 1, -1999986, -1999986, 569, 460
438, 1, 1, -1999986, -1999986, 569, 460
439, 1, 0, -1999986, -1999986, 569, 460
440, 1, 0, -1999977, -1999977, -1377, -1138
441, 1, 0, -1999977, -1999977, -1377, -1138
442, 1, 1, -1999977, -1999977, -1377, -1138
443, 1, 1, -1999977, -1999977, -1377, -1138
444, 1, 0, -1999977, -1999977, -16, -38
445, 2, 1, -1999977, -1999977, -16, -38
446, 2, 1, -1999977, -1999977, -16, -38
447, 2, 0, -1999977, -1999977, -16, -38
448, 2, 1, -1999977, -1999977, -16, -38
449, 2, 0, -1999977, -1999977, -16, -38
450, 2, 1, -1999977, -1999977, -16, -38
451, 2, 0, -1999977, -1999977, -16, -38
452, 1, 0, -1999977, -1999977, -469, -809
453, 1, 0, -1999977, -1999977, -469, -809
454, 1, 0, -1999977, -1999977, -469, -809
455, 1, 1, -1999977, -1999977, -469, -809
456, 1, 0, -1999977, -1999977, -897, -339
457, 1, 1, -1999977, -1999977, -897, -339
458, 1, 0, -1999977, -1999977, -897, -339
459, 1, 0, -1999977, -1999977, -897, -339
460, 1, 0, -1999977, -1999977, -898, -507
461, 1, 1, -1999977, -1999977, -898, -507
462, 1, 0, -1999977, -1999977, -898, -507
463, 1, 0, -1999977, -1999977, -898, -507
464, 1, 0, -1999977, -1999977, -527, -706
465, 1, 1, -1999977, -1999977, -527, -706
466, 1, 0, -1999977, -1999977, -527, -706
467, 1, 1, -1999977, -1999977, -527, -706
468, 1, 0, -1999977, -1999977, -610, -773
469, 1, 1, -1999977, -1999977, -610, -773
470, 1, 0, -1999977, -1999977, -610, -773
471, 1, 1, -1999977, -1999977, -610, -773
472, 1, 0, -1999977, -1999977, -906, -346
473, 1, 0, -1999977, -1999977, -906, -346
474, 1, 0, -1999977, -1999977, -906, -346
475, 1, 1, -1999977, -1999977, -906, -346
476, 1, 1, -1999977, -1999977, -968, -396
477, 2, 1, -1999977, -1999977, -968, -396
478, 2, 0, -1999977, -1999977, -968, -396
479, 2, 1, -1999977, -1999977, -968, -396
480, 2, 1, -1999977, -1999977, -968, -396
481, 2, 1, -1999977, -1999977, -968, -396
482, 2, 1, -1999977, -1999977, -968, -396
483, 2, 1, -1999977, -1999977, -968, -396
484, 2, 0, -1999977, -1999977, -975, -404
485, 2, 1, -1999977, -1999977, -975, -404
486, 2, 0, -1999977, -1999977, -975, -404
487, 2, 0, -1999977, -1999977, -975, -404
488, 2, 1, -1999977, -1999977, -975, -404
489, 2, 0, -1999977, -1999977, -975, -404
490, 2, 0, -1999977, -1999977, -975, -404
491, 2, 1, -1999977, -1999977, -975, -404
492, 1, 1, -1999977, -1999977, 24, 8
493, 1, 0, -1999977, -1999977, 24, 8
494, 1, 1, -1999977, -1999977, 24, 8
495, 1, 0, -1999977, -1999977, 24, 8
496, 1, 1, -1999977, -1999977, -1391, -1156
497, 2, 1, -1999977, -1999977, -1391, -1156
498, 2, 0, -1999977, -1999977, -1391, -1156
499, 2, 1, -1999977, -1999977, -1391, -1156
500, 2, 1, -1999977, -1999977, -1391, -1156
501, 2, 1, -1999977, -1999977, -1391, -1156
502, 2, 1, -1999977, -1999977, -1391, -1156
503, 2, 0, -1999977, -1999977, -1391, -1156
504, 1, 0, -1999976, -1999977, 479, 732
505, 1, 0, -1999976, -1999977, 479, 732
506, 1, 1, -1999976, -1999977, 479, 732
507, 1, 1, -1999976, -1999977, 479, 732
508, 1, 0, -1999967, -1999967, -1990, -1815
509, 2, 1, -1999967, -1999967, -1990, -1815
510, 2, 1, -1999967, -1999967, -1990, -1815
511, 2, 1, -1999967, -1999967, -1990, -1815
512, 2, 1, -1999967, -1999967, -1990, -1815
513, 2, 1, -1999967, -1999967, -1990, -1815
514, 2, 1, -1999967, -1999967, -1990, -1815
515, 2, 1, -1999967, -1999967, -1990, -1815
516, 2, 0, -2000038, -2000038, -2355, -1996
517, 2, 0, -2000038, -2000038, -2355, -1996
518, 2, 0, -2000038, -2000038, -2355, -1996
519, 2, 0, -2000038, -2000038, -2355, -1996
520, 2, 0, -2000038, -2000038, -2355, -1996
521, 2, 0, -2000038, -2000038, -2355, -1996
522, 2, 0, -2000038, -2000038, -2355, -1996
523, 2, 1, -2000038, -2000038, -2355, -1996
524, 1, 1, -2000097, -2000097, 2992, 2455
525, 1, 1, -2000097, -2000097, 2992, 2455
526, 1, 1, -2000097, -2000097, 2992, 2455
527, 1, 1, -2000097, -2000097, 2992, 2455
528, 1, 0, -2000026, -2000026, 3518, 3021
529, 1, 0, -2000026, -2000026, 3518, 3021
530, 1, 1, -2000026, -2000026, 3518, 3021
531, 1, 0, -2000026, -2000026, 3518, 3021
532, 1, 1, -1999968, -1999968, -1276, -1212
533, 2, 1, -1999968, -1999968, -1276, -1212
534, 2, 1, -1999968, -1999968, -1276, -1212
535, 2, 0, -1999968, -1999968, -1276, -1212
536, 2, 0, -1999968, -1999968, -1276, -1212
537, 2, 1, -1999968, -1999968, -1276, -1212
538, 2, 1, -1999968, -1999968, -1276, -1212
539, 2, 1, -1999968, -1999968, -1276, -1212
540, 1, 0, -2000006, -2000006, 19, 1234
541, 1, 0, -2000006, -2000006, 19, 1234
542, 1, 1, -2000006, -2000006, 19, 1234
543, 1, 0, -2000006, -2000006, 19, 1234
544, 1, 0, -1999991, -1999991, -401, -318
545, 1, 1, -1999991, -1999991, -401, -318
546, 1, 0, -1999991, -1999991, -401, -318
547, 1, 0, -1999991, -1999991, -401, -318
548, 1, 1, -1999991, -1999991, -68, -64
549, 1, 0, -1999991, -1999991, -68, -64
550, 1, 1, -1999991, -1999991, -68, -64
551, 1, 0, -1999991, -1999991, -68, -64
552, 1, 1, -1999991, -1999991, -492, -410
553, 2, 1, -1999991, -1999991, -492, -410
554, 2, 0, -1999991, -1999991, -492, -410
555, 2, 0, -1999991, -1999991, -492, -410
556, 2, 0, -1999991, -1999991, -492, -410
557, 2, 0, -1999991, -1999991, -492, -410
558, 2, 0, -1999991, -1999991, -492, -410
559, 2, 0, -1999991, -1999991, -492, -410
560, 1, 1, -1999991, -1999991, 224, 178
561, 1, 0, -1999991, -1999991, 224, 178
562, 1, 1, -1999991, -1999991, 224, 178
563, 1, 0, -1999991, -1999991, 224, 178
564, 1, 1, -1999991, -1999991, -993, -404
565, 1, 0, -1999991, -1999991, -993, -404
566, 1, 1, -1999991, -1999991, -993, -404
567, 2, 1, -1999991, -1999991, -993, -404
568, 2, 0, -1999991, -1999991, -993, -404
569, 2, 0, -1999991, -1999991, -993, -404
570, 2, 1, -1999991, -1999991, -993, -404
571, 2, 1, -1999991, -1999991, -993, -404
572, 1, 0, -1999991, -1999991, 492, 396
573, 1, 1, -1999991, -1999991, 492, 396
574, 1, 0, -1999991, -1999991, 492, 396
575, 1, 1, -1999991, -1999991, 492, 396
576, 2, 1, -1999984, -1999984, -1015, -835
577, 2, 0, -1999984, -1999984, -1015, -835
578, 2, 1, -1999984, -1999984, -1015, -835
579, 2, 1, -1999984, -1999984, -1015, -835
580, 2, 1, -1999984, -1999984, -1015, -835
581, 2, 1, -1999984, -1999984, -1015, -835
582, 2, 1, -1999984, -1999984, -1015, -835
583, 2, 0, -1999984, -1999984, -1015, -835
584, 1, 0, -1999984, -1999984, 573, 458
585, 1, 0, -1999984, -1999984, 573, 458
586, 1, 1, -1999984, -1999984, 573, 458
587, 1, 1, -1999984, -1999984, 573, 458
588, 2, 1, -1999976, -1999976, -1540, -1274
589, 2, 0, -1999976, -1999976, -1540, -1274
590, 2, 1, -1999976, -1999976, -1540, -1274
591, 2, 0, -1999976, -1999976, -1540, -1274
592, 2, 0, -1999976, -1999976, -1540, -1274
593, 2, 0, -1999976, -1999976, -1540, -1274
594, 2, 1, -1999976, -1999976, -1540, -1274
595, 2, 0, -1999976, -1999976, -1540, -1274
596, 1, 0, -1999976, -1999976, 1209, 296
597, 1, 0, -1999976, -1999976, 1209, 296
598, 1, 0, -1999976, -1999976, 1209, 296
599, 1, 0, -1999976, -1999976, 1209, 296
600, 1, 1, -1999961, -1999961, -2302, -1837
601, 1, 1, -1999961, -1999961, -2302, -1837
602, 2, 1, -1999961, -1999961, -2302, -1837
603, 2, 1, -1999961, -1999961, -2302, -1837
604, 2, 1, -1999961, -1999961, -2302, -1837
605, 2, 1, -1999961, -1999961, -2302, -1837
606, 2, 1, -1999961, -1999961, -2302, -1837
607, 2, 1, -1999961, -1999961, -2302, -1837
608, 2, 0, -2000034, -2000034, -2573, -2182
609, 2, 1, -2000034, -2000034, -2573, -2182
610, 2, 1, -2000034, -2000034, -2573, -2182
611, 2, 1, -2000034, -2000034, -2573, -2182
612, 2, 1, -2000034, -2000034, -2573, -2182
613, 2, 0, -2000034, -2000034, -2573, -2182
614, 2, 1, -2000034, -2000034, -2573, -2182
615, 2, 0, -2000034, -2000034, -2573, -2182
616, 1, 0, -2000093, -2000093, 3180, 2376
617, 1, 1, -2000093, -2000093, 3180, 2376
618, 1, 1, -2000093, -2000093, 3180, 2376
619, 1, 1, -2000093, -2000093, 3180, 2376
620, 1, 1, -2000017, -2000017, 3629, 3077
621, 1, 1, -2000017, -2000017, 3629, 3077
622, 1, 0, -2000017, -2000017, 3629, 3077
623, 1, 1, -2000017, -2000017, 3629, 3077
624, 1, 0, -1999938, -1999938, 3629, 3077
625, 1, 1, -1999938, -1999938, 3629, 3077
626, 1, 1, -1999938, -1999938, 3629, 3077
627, 1, 1, -1999938, -1999938, 3629, 3077
628, 1, 1, -1999859, -1999859, 3629, 3077
629, 1, 1, -1999859, -1999859, 3629, 3077
630, 1, 1, -1999859, -1999859, 3629, 3077
631, 1, 1, -1999859, -1999859, 3629, 3077
632, 1, 1, -1999779, -1999779, 3629, 3077
633, 1, 1, -1999779, -1999779, 3629, 3077
634, 1, 0, -1999779, -1999779, 3629, 3077
635, 1, 0, -1999779, -1999779, 3629, 3077
636, 1, 1, -1999756, -1999755, -14586, -14482
637, 1, 0, -1999756, -1999755, -14586, -14482
638, 1, 1, -1999756, -1999755, -14586, -14482
639, 1, 0, -1999756, -1999755, -14586, -14482
640, 1, 1, -2000025, -2000025, 445, 113
641, 2, 1, -2000025, -2000025, 445, 113
642, 2, 0, -2000025, -2000025, 445, 113
643, 2, 1, -2000025, -2000025, 445, 113
644, 2, 0, -2000025, -2000025, 445, 113
645, 2, 0, -2000025, -2000025, 445, 113
646, 2, 0, -2000025, -2000025, 445, 113
647, 2, 0, -2000025, -2000025, 445, 113
648, 1, 0, -2076660, -2075413, -24444500, -24441884
649, 1, 0, -2076660, -2075413, -24444500, -24441884
650, 1, 0, -2076660, -2075413, -24444500, -24441884
651, 1, 0, -2076660, -2075413, -24444500, -24441884
652, 1, 0, -2615690, -2614423, -27529062, -27529818
653, 1, 1, -2615690, -2614423, -27529062, -27529818
654, 1, 0, -2615690, -2614423, -27529062, -27529818
655, 1, 1, -2615690, -2614423, -27529062, -27529818
656, 2, 1, -3074316, -3074556, 1967274, 1964508
657, 2, 0, -3074316, -3074556, 1967274, 1964508
658, 2, 1, -3074316, -3074556, 1967274, 1964508
659, 2, 0, -3074316, -3074556, 1967274, 1964508
660, 2, 0, -3074316, -3074556, 1967274, 1964508
661, 2, 0, -3074316, -3074556, 1967274, 1964508
662, 2, 1, -3074316, -3074556, 1967274, 1964508
663, 2, 1, -3074316, -3074556, 1967274, 1964508
664, 1, 0, -2894217, -2894074, -2270735, -2270742
665, 1, 0, -2894217, -2894074, -2270735, -2270742
666, 1, 1, -2894217, -2894074, -2270735, -2270742
667, 1, 1, -2894217, -2894074, -2270735, -2270742
668, 1, 0, -2955067, -2954919, -3213483, -3214086
669, 1, 0, -2955067, -2954919, -3213483, -3214086
670, 1, 1, -2955067, -2954919, -3213483, -3214086
671, 1, 0, -2955067, -2954919, -3213483, -3214086
672, 1, 0, -3008690, -3008718, 229539, 230269
673, 1, 0, -3008690, -3008718, 229539, 230269
674, 1, 0, -3008690, -3008718, 229539, 230269
675, 1, 1, -3008690, -3008718, 229539, 230269
676, 1, 1, -2999078, -2999075, 3552, 3870
677, 1, 0, -2999078, -2999075, 3552, 3870
678, 2, 1, -2999078, -2999075, 3552, 3870
679, 2, 1, -2999078, -2999075, 3552, 3870
680, 2, 1, -2999078, -2999075, 3552, 3870
681, 2, 0, -2999078, -2999075, 3552, 3870
682, 2, 1, -2999078, -2999075, 3552, 3870
683, 2, 1, -2999078, -2999075, 3552, 3870
684, 1, 1, -3001211, -3001213, 26923, 27383
685, 1, 1, -3001211, -3001213, 26923, 27383
686, 1, 1, -3001211, -3001213, 26923, 27383
687, 1, 1, -3001211, -3001213, 26923, 27383
688, 1, 0, -3000508, -3000510, 35298, 37268
689, 1, 0, -3000508, -3000510, 35298, 37268
690, 1, 0, -3000508, -3000510, 35298, 37268
691, 1, 0, -3000508, -3000510, 35298, 37268
692, 1, 1, -2999909, -2999908, -2506, -2435
693, 1, 0, -2999909, -2999908, -2506, -2435
694, 1, 0, -2999909, -2999908, -2506, -2435
695, 1, 0, -2999909, -2999908, -2506, -2435
696, 1, 0, -3000010, -3000010, 9, 469
697, 1, 1, -3000010, -3000010, 9, 469
698, 1, 0, -3000010, -3000010, 9, 469
699, 1, 1, -3000010, -3000010, 9, 469
700, 2, 1, -2999993, -2999993, -236, -179
701, 2, 1, -2999993, -2999993, -236, -179
702, 2, 0, -2999993, -2999993, -236, -179
703, 2, 0, -2999993, -2999993, -236, -179
704, 2, 0, -2999993, -2999993, -236, -179
705, 2, 0, -2999993, -2999993, -236, -179
706, 2, 1, -2999993, -2999993, -236, -179
707, 2, 0, -2999993, -2999993, -236, -179
708, 1, 1, -2999993, -2999993, 158, 125
709, 1, 0, -2999993, -2999993, 158, 125
710, 1, 1, -2999993, -2999993, 158, 125
711, 1, 1, -2999993, -2999993, 158, 125
712, 1, 1, -2999993, -2999993, 212, 180
713, 1, 1, -2999993, -2999993, 212, 180
714, 1, 0, -2999993, -2999993, 212, 180
715, 1, 0, -2999993, -2999993, 212, 180
716, 1, 0, -2999993, -2999993, -552, -456
717, 1, 1, -2999993, -2999993, -552, -456
718, 1, 1, -2999993, -2999993, -552, -456
719, 1, 0, -2999993, -2999993, -552, -456
720, 1, 0, -2999993, -2999993, 140, 106
721, 1, 0, -2999993, -2999993, 140, 106
722, 1, 0, -2999993, -2999993, 140, 106
723, 1, 1, -2999993, -2999993, 140, 106
724, 1, 0, -2999993, -2999993, -551, -455
725, 1, 0, -2999993, -2999993, -551, -455
726, 1, 0, -2999993, -2999993, -551, -455
727, 1, 1, -2999993, -2999993, -551, -455
728, 1, 1, -2999993, -2999993, 140, 106
729, 1, 0, -2999993, -2999993, 140, 106
730, 2, 1, -2999993, -2999993, 140, 106
731, 2, 0, -2999993, -2999993, 140, 106
732, 2, 1, -2999993, -2999993, 140, 106
733, 2, 1, -2999993, -2999993, 140, 106
734, 2, 1, -2999993, -2999993, 140, 106
735, 2, 0, -2999993, -2999993, 140, 106
736, 1, 1, -2999993, -2999993, -312, -256
737, 1, 0, -2999993, -2999993, -312, -256
738, 1, 0, -2999993, -2999993, -312, -256
739, 1, 0, -2999993, -2999993, -312, -256
740, 1, 1, -2999993, -2999993, -69, -63
741, 1, 0, -2999993, -2999993, -69, -63
742, 1, 0, -2999993, -2999993, -69, -63
743, 1, 0, -2999993, -2999993, -69, -63
744, 1, 0, -2999993, -2999993, -342, -285
745, 1, 0, -2999993, -2999993, -342, -285
746, 1, 1, -2999993, -2999993, -342, -285
747, 1, 0, -2999993, -2999993, -342, -285
748, 1, 0, -2999993, -2999993, -69, -63
749, 1, 0, -2999993, -2999993, -69, -63
750, 1, 0, -2999993, -2999993, -69, -63
751, 1, 0, -2999993, -2999993, -69, -63
752, 1, 1, -2999993, -2999993, -342, -285
753, 1, 0, -2999993, -2999993, -342, -285
754, 1, 0, -2999993, -2999993, -342, -285
755, 1, 0, -2999993, -2999993, -342, -285
756, 1, 0, -2999993, -2999993, -66, -60
757, 1, 0, -2999993, -2999993, -66, -60
758, 1, 1, -2999993, -2999993, -66, -60
759, 1, 1, -2999993, -2999993, -66, -60
760, 2, 1, -2999993, -2999993, -345, -288
761, 2, 0, -2999993, -2999993, -345, -288
762, 2, 0, -2999993, -2999993, -345, -288
763, 2, 1, -2999993, -2999993, -345, -288
764, 2, 1, -2999993, -2999993, -345, -288
765, 2, 1, -2999993, -2999993, -345, -288
766, 2, 0, -2999993, -2999993, -345, -288
767, 2, 1, -2999993, -2999993, -345, -288
768, 1, 0, -2999993, -2999993, 163, 130
769, 1, 0, -2999993, -2999993, 163, 130
770, 1, 1, -2999993, -2999993, 163, 130
771, 1, 0, -2999993, -2999993, 163, 130
772, 1, 0, -2999993, -2999993, -551, -455
773, 1, 1, -2999993, -2999993, -551, -455
774, 1, 1, -2999993, -2999993, -551, -455
775, 2, 1, -2999993, -2999993, -551, -455
776, 2, 1, -2999993, -2999993, -551, -455
777, 2, 1, -2999993, -2999993, -551, -455
778, 2, 1, -2999993, -2999993, -551, -455
779, 2, 0, -2999993, -2999993, -551, -455
780, 3, 1, -2999993, -2999993, 379, 306
781, 3, 1, -2999993, -2999993, 379, 306
782, 3, 0, -2999993, -2999993, 379, 306
783, 3, 0, -2999993, -2999993, 379, 306
784, 3, 1, -2999993, -2999993, 379, 306
785, 3, 0, -2999993, -2999993, 379, 306
786, 3, 1, -2999993, -2999993, 379, 306
787, 3, 1, -2999993, -2999993, 379, 306
788, 3, 0, -2999993, -2999993, 379, 306
789, 3, 0, -2999993, -2999993, 379, 306
790, 3, 1, -2999993, -2999993, 379, 306
791, 3, 0, -2999993, -2999993, 379, 306
792, 3, 1, -2999993, -2999993, 379, 306
793, 3, 1, -2999993, -2999993, 379, 306
794, 3, 1, -2999993, -2999993, 379, 306
795, 3, 0, -2999993, -2999993, 379, 306
796, 3, 0, -2999993, -2999993, -493, -404
797, 3, 0, -2999993, -2999993, -493, -404
798, 3, 1, -2999993, -2999993, -493, -404
799, 3, 1, -2999993, -2999993, -493, -404
800, 3, 1, -2999993, -2999993, -493, -404
801, 3, 0, -2999993, -2999993, -493, -404
802, 3, 1, -2999993, -2999993, -493, -404
803, 3, 0, -2999993, -2999993, -493, -404
804, 3, 0, -2999993, -2999993, -493, -404
805, 3, 1, -2999993, -2999993, -493, -404
806, 3, 0, -2999993, -2999993, -493, -404
807, 3, 1, -2999993, -2999993, -493, -404
808, 3, 1, -2999993, -2999993, -493, -404
809, 3, 1, -2999993, -2999993, -493, -404
810, 3, 1, -2999993, -2999993, -493, -404
811, 3, 0, -2999993, -2999993, -493, -404
812, 2, 1, -2999993, -2999993, 383, 310
813, 2, 1, -2999993, -2999993, 383, 310
814, 2, 1, -2999993, -2999993, 383, 310
815, 2, 0, -2999993, -2999993, 383, 310
816, 2, 0, -2999993, -2999993, 383, 310
817, 2, 0, -2999993, -2999993, 383, 310
818, 2, 1, -2999993, -2999993, 383, 310
819, 2, 1, -2999993, -2999993, 383, 310
820, 1, 1, -2999993, -2999993, -533, -436
821, 1, 0, -2999993, -2999993, -533, -436
822, 1, 0, -2999993, -2999993, -533, -436
823, 1, 0, -2999993, -2999993, -533, -436
824, 1, 1, -2999993, -2999993, 151, 115
825, 1, 0, -2999993, -2999993, 151, 115
826, 1, 0, -2999993, -2999993, 151, 115
827, 1, 1, -2999993, -2999993, 151, 115
828, 1, 0, -2999993, -2999993, -562, -464
829, 1, 1, -2999993, -2999993, -562, -464
830, 1, 0, -2999993, -2999993, -562, -464
831, 1, 0, -2999993, -2999993, -562, -464
832, 1, 1, -2999993, -2999993, 150, 115
833, 1, 0, -2999993, -2999993, 150, 115
834, 1, 0, -2999993, -2999993, 150, 115
835, 1, 0, -2999993, -2999993, 150, 115
836, 1, 1, -2999993, -2999993, -562, -464
837, 1, 0, -2999993, -2999993, -562, -464
838, 1, 0, -2999993, -2999993, -562, -464
839, 1, 0, -2999993, -2999993, -562, -464
840, 1, 0, -2999993, -2999993, 150, 115
841, 1, 1, -2999993, -2999993, 150, 115
842, 1, 0, -2999993, -2999993, 150, 115
843, 1, 1, -2999993, -2999993, 150, 115
844, 2, 1, -2999993, -2999993, -562, -464
845, 2, 0, -2999993, -2999993, -562, -464
846, 2, 1, -2999993, -2999993, -562, -464
847, 2, 1, -2999993, -2999993, -562, -464
848, 2, 0, -2999993, -2999993, -562, -464
849, 2, 1, -2999993, -2999993, -562, -464
850, 2, 0, -2999993, -2999993, -562, -464
851, 2, 1, -2999993, -2999993, -562, -464
852, 1, 0, -2999993, -2999993, 389, 314
853, 1, 0, -2999993, -2999993, 389, 314
854, 1, 1, -2999993, -2999993, 389, 314
855, 1, 0, -2999993, -2999993, 389, 314
856, 1, 1, -2999993, -2999994, -1062, -365
857, 1, 0, -2999993, -2999994, -1062, -365
858, 1, 0, -2999993, -2999994, -1062, -365
859, 1, 0, -2999993, -2999994, -1062, -365
860, 1, 1, -2999993, -2999993, 382, 304
861, 1, 0, -2999993, -2999993, 382, 304
862, 1, 0, -2999993, -2999993, 382, 304
863, 1, 1, -2999993, -2999993, 382, 304
864, 1, 0, -2999993, -2999994, -1072, -373
865, 1, 0, -2999993, -2999994, -1072, -373
866, 1, 1, -2999993, -2999994, -1072, -373
867, 1, 1, -2999993, -2999994, -1072, -373
868, 1, 0, -2999993, -2999993, 392, 312
869, 1, 0, -2999993, -2999993, 392, 312
870, 1, 0, -2999993, -2999993, 392, 312
871, 1, 0, -2999993, -2999993, 392, 312
872, 1, 0, -2999993, -2999994, -1082, -381
873, 1, 1, -2999993, -2999994, -1082, -381
874, 1, 1, -2999993, -2999994, -1082, -381
875, 2, 1, -2999993, -2999994, -1082, -381
876, 2, 0, -2999993, -2999994, -1082, -381
877, 2, 1, -2999993, -2999994, -1082, -381
878, 2, 0, -2999993, -2999994, -1082, -381
879, 2, 0, -2999993, -2999994, -1082, -381
880, 1, 0, -2999993, -2999993, 646, 525
881, 1, 0, -2999993, -2999993, 646, 525
882, 1, 0, -2999993, -2999993, 646, 525
883, 1, 0, -2999993, -2999993, 646, 525
884, 1, 0, -2999982, -2999982, -1036, -850
885, 1, 0, -2999982, -2999982, -1036, -850
886, 1, 0, -2999982, -2999982, -1036, -850
887, 1, 0, -2999982, -2999982, -1036, -850
888, 1, 1, -2999982, -2999982, -43, -54
889, 1, 1, -2999982, -2999982, -43, -54
890, 2, 1, -2999982, -2999982, -43, -54
891, 2, 0, -2999982, -2999982, -43, -54
892, 2, 0, -2999982, -2999982, -43, -54
893, 2, 0, -2999982, -2999982, -43, -54
894, 2, 1, -2999982, -2999982, -43, -54
895, 2, 1, -2999982, -2999982, -43, -54
896, 1, 1, -2999982, -2999982, -506, -420
897, 1, 0, -2999982, -2999982, -506, -420
898, 1, 0, -2999982, -2999982, -506, -420
899, 1, 1, -2999982, -2999982, -506, -420
900, 1, 1, -2999982, -2999982, -577, -489
901, 1, 0, -2999982, -2999982, -577, -489
902, 1, 0, -2999982, -2999982, -577, -489
903, 1, 0, -2999982, -2999982, -577, -489
904, 1, 0, -2999982, -2999982, -567, -481
905, 1, 1, -2999982, -2999982, -567, -481
906, 1, 0, -2999982, -2999982, -567, -481
907, 1, 1, -2999982, -2999982, -567, -481
908, 1, 0, -2999982, -2999982, -578, -489
909, 1, 1, -2999982, -2999982, -578, -489
910, 1, 0, -2999982, -2999982, -578, -489
911, 1, 0, -2999982, -2999982, -578, -489
912, 1, 0, -2999982, -2999982, -567, -481
913, 1, 1, -2999982, -2999982, -567, -481
914, 1, 1, -2999982, -2999982, -567, -481
915, 1, 0, -2999982, -2999982, -567, -481
916, 2, 1, -2999982, -2999982, -577, -489
917, 2, 0, -2999982, -2999982, -577, -489
918, 2, 1, -2999982, -2999982, -577, -489
919, 2, 1, -2999982, -2999982, -577, -489
920, 2, 1, -2999982, -2999982, -577, -489
921, 2, 0, -2999982, -2999982, -577, -489
922, 2, 0, -2999982, -2999982, -577, -489
923, 2, 0, -2999982, -2999982, -577, -489
924, 1, 0, -2999982, -2999982, 28, 14
925, 1, 0, -2999982, -2999982, 28, 14
926, 1, 1, -2999982, -2999982, 28, 14
927, 1, 1, -2999982, -2999982, 28, 14
928, 1, 0, -2999982, -2999982, -1112, -924
929, 1, 0, -2999982, -2999982, -1112, -924
930, 1, 0, -2999982, -2999982, -1112, -924
931, 1, 0, -2999982, -2999982, -1112, -924
932, 1, 0, -2999982, -2999982, -9, -26
933, 1, 0, -2999982, -2999982, -9, -26
934, 1, 1, -2999982, -2999982, -9, -26
935, 1, 1, -2999982, -2999982, -9, -26
936, 2, 1, -2999982, -2999982, -1133, -941
937, 2, 0, -2999982, -2999982, -1133, -941
938, 2, 0, -2999982, -2999982, -1133, -941
939, 2, 1, -2999982, -2999982, -1133, -941
940, 2, 1, -2999982, -2999982, -1133, -941
941, 2, 1, -2999982, -2999982, -1133, -941
942, 2, 1, -2999982, -2999982, -1133, -941
943, 2, 0, -2999982, -2999982, -1133, -941
944, 1, 1, -2999982, -2999982, 583, 466
945, 1, 0, -2999982, -2999982, 583, 466
946, 1, 0, -2999982, -2999982, 583, 466
947, 1, 0, -2999982, -2999982, 583, 466
948, 1, 1, -2999967, -2999967, -1692, -1400
949, 1, 0, -2999967, -2999967, -1692, -1400
950, 1, 0, -2999967, -2999967, -1692, -1400
951, 1, 1, -2999967, -2999967, -1692, -1400
952, 1, 1, -2999983, -2999983, -364, -333
953, 2, 1, -2999983, -2999983, -364, -333
954, 2, 1, -2999983, -2999983, -364, -333
955, 2, 0, -2999983, -2999983, -364, -333
956, 2, 1, -2999983, -2999983, -364, -333
957, 2, 1, -2999983, -2999983, -364, -333
958, 2, 1, -2999983, -2999983, -364, -333
959, 2, 0, -2999983, -2999983, -364, -333
960, 1, 1, -2999983, -2999983, -235, -198
961, 1, 1, -2999983, -2999983, -235, -198
962, 1, 0, -2999983, -2999983, -235, -198
963, 1, 1, -2999983, -2999983, -235, -198
964, 1, 0, -2999983, -2999983, -238, -201
965, 1, 1, -2999983, -2999983, -238, -201
966, 1, 0, -2999983, -2999983, -238, -201
967, 1, 0, -2999983, -2999983, -238, -201
968, 1, 0, -3168106, -3165371, -53576892, -53573964
969, 1, 0, -3168106, -3165371, -53576892, -53573964
970, 1, 0, -3168106, -3165371, -53576892, -53573964
971, 1, 1, -3168106, -3165371, -53576892, -53573964
972, 1, 1, -4149171, -4149654, 3518982, 3513108
973, 2, 1, -4149171, -4149654, 3518982, 3513108
974, 2, 0, -4149171, -4149654, 3518982, 3513108
975, 2, 1, -4149171, -4149654, 3518982, 3513108
976, 2, 1, -4149171, -4149654, 3518982, 3513108
977, 2, 1, -4149171, -4149654, 3518982, 3513108
978, 2, 0, -4149171, -4149654, 3518982, 3513108
979, 2, 0, -4149171, -4149654, 3518982, 3513108
980, 1, 1, -3788787, -3788502, -4529114, -4530187
981, 1, 0, -3788787, -3788502, -4529114, -4530187
982, 1, 0, -3788787, -3788502, -4529114, -4530187
983, 1, 1, -3788787, -3788502, -4529114, -4530187
984, 1, 1, -3910294, -3909998, -6416380, -6417534
985, 2, 1, -3910294, -3909998, -6416380, -6417534
986, 2, 1, -3910294, -3909998, -6416380, -6417534
987, 2, 0, -3910294, -3909998, -6416380, -6417534
988, 2, 0, -3910294, -3909998, -6416380, -6417534
989, 2, 1, -3910294, -3909998, -6416380, -6417534
990, 2, 0, -3910294, -3909998, -6416380, -6417534
991, 2, 1, -3910294, -3909998, -6416380, -6417534
992, 1, 0, -4138135, -4138321, 3009107, 3008019
993, 1, 0, -4138135, -4138321, 3009107, 3008019
994, 1, 0, -4138135, -4138321, 3009107, 3008019
995, 1, 0, -4138135, -4138321, 3009107, 3008019
996, 1, 0, -4059012, -4059198, 4061300, 4060954
997, 1, 0, -4059012, -4059198, 4061300, 4060954
998, 1, 0, -4059012, -4059198, 4061300, 4060954
999, 1, 0, -4059012, -4059198, 4061300, 4060954
1000, 1, 0, -3991043, -3991014, -162591, -160525
1001, 2, 0, -3991043, -3991014, -162591, -160525
1002, 2, 0, -3991043, -3991014, -162591, -160525
1003, 2, 0, -3991043, -3991014, -162591, -160525
1004, 2, 0, -3991043, -3991014, -162591, -160525
1005, 2, 0, -3991043, -3991014, -162591, -160525
1006, 2, 0, -3991043, -3991014, -162591, -160525
1007, 2, 0, -3991043, -3991014, -162591, -160525
1008, 2, 0, -4015362, -4015334, -633896, -630304
1009, 2, 0, -4015362, -4015334, -633896, -630304
1010, 2, 0, -4015362, -4015334, -633896, -630304
1011, 2, 0, -4015362, -4015334, -633896, -630304
1012, 2, 0, -4015362, -4015334, -633896, -630304
1013, 2, 0, -4015362, -4015334, -633896, -630304
1014, 2, 0, -4015362, -4015334, -633896, -630304
1015, 2, 0, -4015362, -4015334, -633896, -630304
1016, 1, 0, -3729051, -3734089, 98658976, 98651016
1017, 1, 0, -3729051, -3734089, 98658976, 98651016
1018, 1, 0, -3729051, -3734089, 98658976, 98651016
1019, 1, 0, -3729051, -3734089, 98658976, 98651016
1020, 1, 0, -4194304, -4194304, -4194304, -4194304
1021, 1, 0, -4194304, -4194304, -4194304, -4194304
1022, 1, 0, -4194304, -4194304, -4194304, -4194304
1023, 1, 0, -4194304, -4194304, -4194304, -4194304
1024, 1, 0, -4194304, -4194304, -4194304, -4194304
1025, 1, 0, -4194304, -4194304, -4194304, -4194304
1026, 1, 0, -4194304, -4194304, -4194304, -4194304
1027, 1, 0, -4194304, -4194304, -4194304, -4194304
1028, 1, 0, -4194304, -4194304, -4194304, -4194304
1029, 1, 0, -4194304, -4194304, -4194304, -4194304
1030, 1, 0, -4194304, -4194304, -4194304, -4194304
1031, 1, 0, -4194304, -4194304, -4194304, -4194304
1032, 1, 0, -4194304, -4194304, -4194304, -4194304
1033, 1, 0, -4194304, -4194304, -4194304, -4194304
1034, 1, 0, -4194304, -4194304, -4194304, -4194304
1035, 1, 0, -4194304, -4194304, -4194304, -4194304
1036, 1, 0, -4194304, -4194304, -4194304, -4194304
1037, 1, 0, -4194304, -4194304, -4194304, -4194304
1038, 1, 0, -4194304, -4194304, -4194304, -4194304
1039, 1, 0, -4194304, -4194304, -4194304, -4194304
1040, 1, 0, -4194304, -4194304, -4194304, -4194304
1041, 1, 0, -4194304, -4194304, -4194304, -4194304
1042, 1, 0, -4194304, -4194304, -4194304, -4194304
1043, 1, 0, -4194304, -4194304, -4194304, -4194304
1044, 1, 0, -4194304, -4194304, -4194304, -4194304
1045, 1, 0, -4194304, -4194304, -4194304, -4194304
1046, 1, 0, -4194304, -4194304, -4194304, -4194304
1047, 1, 0, -4194304, -4194304, -4194304, -4194304
1048, 1, 0, -4194304, -4194304, -4194304, -4194304
1049, 1, 0, -4194304, -4194304, -4194304, -4194304
1050, 1, 0, -4194304, -4194304, -4194304, -4194304
1051, 1, 0, -4194304, -4194304, -4194304, -4194304
1052, 1, 0, -4194304, -4194304, -4194304, -4194304
1053, 1, 0, -4194304, -4194304, -4194304, -4194304
1054, 1, 0, -4194304, -4194304, -4194304, -4194304
1055, 1, 0, -4194304, -4194304, -4194304, -4194304
1056, 1, 0, -4194304, -4194304, -4194304, -4194304
1057, 1, 0, -4194304, -4194304, -4194304, -4194304
1058, 1, 0, -4194304, -4194304, -4194304, -4194304
1059, 1, 0, -4194304, -4194304, -4194304, -4194304
1060, 1, 0, -4194304, -4194304, -4194304, -4194304
1061, 1, 0, -4194304, -4194304, -4194304, -4194304
1062, 1, 0, -4194304, -4194304, -4194304, -4194304
1063, 1, 0, -4194304, -4194304, -4194304, -4194304
1064, 1, 0, -4194304, -4194304, -4194304, -4194304
1065, 1, 0, -4194304, -4194304, -4194304, -4194304
1066, 1, 0, -4194304, -4194304, -4194304, -4194304
1067, 1, 0, -4194304, -4194304, -4194304, -4194304
1068, 1, 0, -4194304, -4194304, -4194304, -4194304
1069, 1, 0, -4194304, -4194304, -4194304, -4194304
1070, 1, 0, -4194304, -4194304, -4194304, -4194304
1071, 1, 0, -4194304, -4194304, -4194304, -4194304
1072, 1, 0, -4194304, -4194304, -4194304, -4194304
1073, 1, 0, -4194304, -4194304, -4194304, -4194304
1074, 1, 0, -4194304, -4194304, -4194304, -4194304
1075, 1, 0, -4194304, -4194304, -4194304, -4194304
1076, 1, 0, -4194304, -4194304, -4194304, -4194304
1077, 1, 0, -4194304, -4194304, -4194304, -4194304
1078, 1, 0, -4194304, -4194304, -4194304, -4194304
1079, 1, 0, -4194304, -4194304, -4194304, -4194304
1080, 1, 0, -4194304, -4194304, -4194304, -4194304
1081, 1, 0, -4194304, -4194304, -4194304, -4194304
1082, 1, 0, -4194304, -4194304, -4194304, -4194304
1083, 1, 0, -4194304, -4194304, -4194304, -4194304
1084, 1, 0, -4194304, -4194304, -4194304, -4194304
1085, 1, 0, -4194304, -4194304, -4194304, -4194304
1086, 1, 0, -4194304, -4194304, -4194304, -4194304
1087, 1, 0, -4194304, -4194304, -4194304, -4194304
1088, 1, 0, -4194304, -4194304, -4194304, -4194304
1089, 1, 0, -4194304, -4194304, -4194304, -4194304
1090, 1, 0, -4194304, -4194304, -4194304, -4194304
1091, 1, 0, -4194304, -4194304, -4194304, -4194304
1092, 1, 0, -4194304, -4194304, -4194304, -4194304
1093, 1, 0, -4194304, -4194304, -4194304, -4194304
1094, 1, 0, -4194304, -4194304, -4194304, -4194304
1095, 1, 0, -4194304, -4194304, -4194304, -4194304
1096, 1, 0, -4194304, -4194304, -4194304, -4194304
1097, 1, 0, -4194304, -4194304, -4194304, -4194304
1098, 1, 0, -4194304, -4194304, -4194304, -4194304
1099, 1, 0, -4194304, -4194304, -4194304, -4194304
1100, 1, 0, -4194304, -4194304, -4194304, -4194304
1101, 1, 0, -4194304, -4194304, -4194304, -4194304
1102, 1, 0, -4194304, -4194304, -4194304, -4194304
1103, 1, 0, -4194304, -4194304, -4194304, -4194304
1104, 1, 0, -4194304, -4194304, -4194304, -4194304
1105, 1, 0, -4194304, -4194304, -4194304, -4194304
1106, 1, 0, -4194304, -4194304, -4194304, -4194304
1107, 1, 0, -4194304, -4194304, -4194304, -4194304
1108, 1, 0, -4194304, -4194304, -4194304, -4194304
1109, 1, 0, -4194304, -4194304, -4194304, -4194304
1110, 1, 0, -4194304, -4194304, -4194304, -4194304
1111, 1, 0, -4194304, -4194304, -4194304, -4194304
1112, 1, 0, -4194304, -4194304, -4194304, -4194304
1113, 1, 0, -4194304, -4194304, -4194304, -4194304
1114, 1, 0, -4194304, -4194304, -4194304, -4194304
1115, 1, 0, -4194304, -4194304, -4194304, -4194304
1116, 1, 0, -4194304, -4194304, -4194304, -4194304
1117, 1, 0, -4194304, -4194304, -4194304, -4194304
1118, 1, 0, -4194304, -4194304, -4194304, -4194304
1119, 1, 0, -4194304, -4194304, -4194304, -4194304
1120, 1, 0, -4194304, -4194304, -4194304, -4194304
1121, 1, 0, -4194304, -4194304, -4194304, -4194304
1122, 1, 0, -4194304, -4194304, -4194304, -4194304
1123, 1, 0, -4194304, -4194304, -4194304, -4194304
1124, 1, 0, -4194304, -4194304, -4194304, -4194304
1125, 1, 0, -4194304, -4194304, -4194304, -4194304
1126, 1, 0, -4194304, -4194304, -4194304, -4194304
1127, 1, 0, -4194304, -4194304, -4194304, -4194304
1128, 1, 0, -4194304, -4194304, -4194304, -4194304
1129, 1, 0, -4194304, -4194304, -4194304, -4194304
1130, 1, 0, -4194304, -4194304, -4194304, -4194304
1131, 1, 0, -4194304, -4194304, -4194304, -4194304
1132, 1, 0, -4194304, -4194304, -4194304, -4194304
1133, 1, 0, -4194304, -4194304, -4194304, -4194304
1134, 1, 0, -4194304, -4194304, -4194304, -4194304
1135, 1, 0, -4194304, -4194304, -4194304, -4194304
1136, 1, 0, -4194304, -4194304, -4194304, -4194304
1137, 1, 0, -4194304, -4194304, -4194304, -4194304
1138, 1, 0, -4194304, -4194304, -4194304, -4194304
1139, 1, 0, -4194304, -4194304, -4194304, -4194304
1140, 1, 0, -4194304, -4194304, -4194304, -4194304
1141, 2, 0, -4194304, -4194304, -4194304, -4194304
1142, 2, 0, -4194304, -4194304, -4194304, -4194304
1143, 2, 0, -4194304, -4194304, -4194304, -4194304
1144, 2, 0, -4194304, -4194304, -4194304, -4194304
1145, 2, 0, -4194304, -4194304, -4194304, -4194304
1146, 2, 0, -4194304, -4194304, -4194304, -4194304
1147, 2, 0, -4194304, -4194304, -4194304, -4194304
1148, 2, 0, -4194304, -4194304, -4194304, -4194304
1149, 2, 0, -4194304, -4194304, -4194304, -4194304
1150, 2, 0, -4194304, -4194304, -4194304, -4194304
1151, 2, 0, -4194304, -4194304, -4194304, -4194304
1152, 2, 0, -4194304, -4194304, -4194304, -4194304
1153, 2, 0, -4194304, -4194304, -4194304, -4194304
1154, 2, 0, -4194304, -4194304, -4194304, -4194304
1155, 2, 0, -4194304, -4194304, -4194304, -4194304
1156, 1, 0, -4194304, -4194304, -4194304, -4194304
1157, 1, 0, -4194304, -4194304, -4194304, -4194304
1158, 1, 0, -4194304, -4194304, -4194304, -4194304
1159, 1, 0, -4194304, -4194304, -4194304, -4194304
1160, 1, 0, -4194304, -4194304, -4194304, -4194304
1161, 2, 0, -4194304, -4194304, -4194304, -4194304
1162, 2, 0, -4194304, -4194304, -4194304, -4194304
1163, 2, 0, -4194304, -4194304, -4194304, -4194304
1164, 2, 0, -4194304, -4194304, -4194304, -4194304
1165, 2, 0, -4194304, -4194304, -4194304, -4194304
1166, 2, 0, -4194304, -4194304, -4194304, -4194304
1167, 2, 0, -4194304, -4194304, -4194304, -4194304
1168, 2, 0, -4194304, -4194304, -4194304, -4194304
1169, 2, 0, -4194304, -4194304, -4194304, -4194304
1170, 2, 0, -4194304, -4194304, -4194304, -4194304
1171, 2, 0, -4194304, -4194304, -4194304, -4194304
1172, 2, 0, -4194304, -4194304, -4194304, -4194304
1173, 2, 0, -4194304, -4194304, -4194304, -4194304
1174, 2, 0, -4194304, -4194304, -4194304, -4194304
1175, 2, 0, -4194304, -4194304, -4194304, -4194304
1176, 1, 0, -4194304, -4194304, -4194304, -4194304
1177, 1, 0, -4194304, -4194304, -4194304, -4194304
1178, 1, 0, -4194304, -4194304, -4194304, -4194304
1179, 1, 0, -4194304, -4194304, -4194304, -4194304
1180, 1, 0, -4194304, -4194304, -4194304, -4194304
1181, 1, 0, -4194304, -4194304, -4194304, -4194304
1182, 1, 0, -4194304, -4194304, -4194304, -4194304
1183, 1, 0, -4194304, -4194304, -4194304, -4194304
1184, 1, 0, -4194304, -4194304, -4194304, -4194304
1185, 1, 0, -4194304, -4194304, -4194304, -4194304
1186, 1, 0, -4194304, -4194304, -4194304, -4194304
1187, 1, 0, -4194304, -4194304, -4194304, -4194304
1188, 1, 0, -4194304, -4194304, -4194304, -4194304
1189, 1, 0, -4194304, -4194304, -4194304, -4194304
1190, 1, 0, -4194304, -4194304, -4194304, -4194304
1191, 1, 0, -4194304, -4194304, -4194304, -4194304
1192, 1, 0, -4194304, -4194304, -4194304, -4194304
1193, 1, 0, -4194304, -4194304, -4194304, -4194304
1194, 1, 0, -4194304, -4194304, -4194304, -4194304
1195, 1, 0, -4194304, -4194304, -4194304, -4194304
1196, 1, 0, -4194304, -4194304, -4194304, -4194304
1197, 1, 0, -4194304, -4194304, -4194304, -4194304
1198, 1, 0, -4194304, -4194304, -4194304, -4194304
1199, 1, 0, -4194304, -4194304, -4194304, -4194304